facebook_friends.gt
Iteration 10 New: [0, 0, 58, 73, 66, 50, 57, 46, 70, 62, 74, 76, 38, 12, 0] diff:[0, 0, 0, 0, 0, 0, 0, 0, 0, 0, 0, 0, 0, -1, 0]
Iteration 20 New: [0, 0, 62, 73, 66, 50, 57, 46, 70, 62, 74, 76, 38, 8, 0] diff:[0, 0, 1, 0, 0, 0, 0, 0, 0, 0, 0, 0, 0, 0, 0]
Iteration 30 New: [0, 0, 62, 73, 66, 50, 57, 46, 70, 62, 74, 76, 38, 8, 0] diff:[0, 0, -1, 0, 0, 0, 0, 0, 0, 0, 0, 0, 0, 0, 0]
Iteration 40 New: [0, 0, 66, 73, 66, 50, 57, 46, 70, 62, 74, 76, 38, 8, 0] diff:[0, 0, 1, 0, 0, 0, 0, 0, 0, 0, 0, 0, 0, 0, 0]
Iteration 50 New: [0, 0, 74, 73, 66, 50, 57, 46, 70, 62, 74, 76, 38, 8, 0] diff:[0, 0, 1, 0, 0, 0, 0, 0, 0, 0, 0, 0, 0, 0, 0]
Iteration 60 New: [0, 0, 74, 73, 66, 50, 57, 46, 70, 62, 74, 76, 38, 8, 0] diff:[0, 0, -1, 0, 0, 0, 0, 0, 0, 0, 0, 0, 0, 0, 0]
Iteration 70 New: [0, 0, 76, 73, 66, 50, 57, 46, 70, 62, 74, 76, 38, 8, 0] diff:[0, 0, 1, 0, 0, 0, 0, 0, 0, 0, 0, 0, 0, 0, 0]
Iteration 80 New: [0, 0, 74, 73, 66, 50, 57, 46, 70, 62, 74, 76, 38, 8, 0] diff:[0, 0, -1, 0, 0, 0, 0, 0, 0, 0, 0, 0, 0, 0, 0]
Iteration 90 New: [0, 0, 74, 73, 66, 50, 57, 46, 70, 62, 74, 76, 38, 8, 0] diff:[0, 0, 1, 0, 0, 0, 0, 0, 0, 0, 0, 0, 0, 0, 0]
Iteration 100 New: [0, 0, 80, 73, 66, 50, 57, 46, 70, 62, 74, 76, 38, 8, 0] diff:[0, 0, -1, 0, 0, 0, 0, 0, 0, 0, 0, 0, 0, 0, 0]
Iteration 110 New: [0, 0, 74, 73, 66, 50, 57, 46, 70, 62, 74, 76, 38, 8, 0] diff:[0, 0, 1, 0, 0, 0, 0, 0, 0, 0, 0, 0, 0, 0, 0]
Iteration 120 New: [0, 0, 77, 74, 66, 50, 57, 46, 70, 62, 74, 76, 38, 8, 0] diff:[0, 0, -1, 0, 0, 0, 0, 0, 0, 0, 0, 0, 0, 0, 0]
Iteration 130 New: [0, 0, 75, 74, 66, 50, 57, 46, 70, 62, 74, 76, 38, 8, 0] diff:[0, 0, 1, 0, 0, 0, 0, 0, 0, 0, 0, 0, 0, 0, 0]
Iteration 140 New: [0, 0, 75, 74, 66, 50, 57, 46, 70, 62, 74, 76, 38, 8, 0] diff:[0, 0, -1, 0, 0, 0, 0, 0, 0, 0, 0, 0, 0, 0, 0]
Iteration 150 New: [0, 0, 69, 74, 66, 50, 57, 46, 70, 62, 74, 76, 38, 8, 0] diff:[0, 0, -1, 0, 0, 0, 0, 0, 0, 0, 0, 0, 0, 0, 0]
Iteration 160 New: [0, 0, 75, 74, 66, 50, 57, 46, 70, 62, 74, 76, 38, 8, 0] diff:[0, 0, 1, 0, 0, 0, 0, 0, 0, 0, 0, 0, 0, 0, 0]
Iteration 170 New: [0, 0, 79, 74, 66, 50, 57, 46, 70, 62, 74, 76, 38, 8, 0] diff:[0, 0, 1, 0, 0, 0, 0, 0, 0, 0, 0, 0, 0, 0, 0]
Iteration 180 New: [0, 0, 81, 74, 66, 50, 57, 46, 70, 62, 74, 76, 38, 8, 0] diff:[0, 0, 1, 0, 0, 0, 0, 0, 0, 0, 0, 0, 0, 0, 0]
Iteration 190 New: [0, 0, 80, 73, 66, 50, 57, 46, 70, 62, 74, 76, 38, 8, 0] diff:[0, 0, 1, 0, 0, 0, 0, 0, 0, 0, 0, 0, 0, 0, 0]
Auto-stopped algorithm at 200th iteration

A target 10000 more iterations took 63400401049 ns.
Iteration 200 New: [0, 0, 80, 73, 66, 50, 57, 46, 70, 62, 74, 76, 38, 8, 0] diff:[0, 0, -1, 0, 0, 0, 0, 0, 0, 0, 0, 0, 0, 0, 0]
Iteration 210 New: [0, 0, 76, 73, 66, 50, 57, 46, 70, 62, 74, 76, 38, 8, 0] diff:[0, 0, -1, 0, 0, 0, 0, 0, 0, 0, 0, 0, 0, 0, 0]
Iteration 220 New: [0, 0, 72, 73, 66, 50, 57, 46, 70, 62, 74, 76, 38, 8, 0] diff:[0, 0, -1, 0, 0, 0, 0, 0, 0, 0, 0, 0, 0, 0, 0]
Iteration 230 New: [0, 0, 72, 73, 66, 50, 57, 46, 70, 62, 74, 76, 38, 8, 0] diff:[0, 0, -1, 0, 0, 0, 0, 0, 0, 0, 0, 0, 0, 0, 0]
Iteration 240 New: [0, 0, 74, 73, 66, 50, 57, 46, 70, 62, 74, 76, 38, 8, 0] diff:[0, 0, -1, 0, 0, 0, 0, 0, 0, 0, 0, 0, 0, 0, 0]
Iteration 250 New: [0, 0, 76, 73, 66, 50, 57, 46, 70, 62, 74, 76, 38, 8, 0] diff:[0, 0, 1, 0, 0, 0, 0, 0, 0, 0, 0, 0, 0, 0, 0]
Iteration 260 New: [0, 0, 78, 73, 66, 50, 57, 46, 70, 62, 74, 76, 38, 8, 0] diff:[0, 0, 1, 0, 0, 0, 0, 0, 0, 0, 0, 0, 0, 0, 0]
Iteration 270 New: [0, 0, 80, 73, 66, 50, 57, 46, 70, 62, 74, 76, 38, 2, 0] diff:[0, 0, 1, 0, 0, 0, 0, 0, 0, 0, 0, 0, 0, 0, 0]
Iteration 280 New: [0, 0, 86, 73, 66, 50, 57, 46, 70, 62, 74, 76, 38, 2, 0] diff:[0, 0, -1, 0, 0, 0, 0, 0, 0, 0, 0, 0, 0, 0, 0]
Iteration 290 New: [0, 0, 90, 73, 66, 50, 57, 46, 70, 62, 74, 76, 38, 2, 0] diff:[0, 0, -1, 0, 0, 0, 0, 0, 0, 0, 0, 0, 0, 0, 0]
Iteration 300 New: [0, 0, 94, 73, 66, 50, 57, 46, 70, 62, 74, 76, 38, 2, 0] diff:[0, 0, 1, 0, 0, 0, 0, 0, 0, 0, 0, 0, 0, 0, 0]
Iteration 310 New: [0, 0, 88, 73, 66, 50, 57, 46, 70, 62, 74, 76, 38, 2, 0] diff:[0, 0, -1, 0, 0, 0, 0, 0, 0, 0, 0, 0, 0, 0, 0]
Iteration 320 New: [0, 0, 90, 73, 66, 50, 57, 46, 70, 62, 74, 76, 38, 2, 0] diff:[0, 0, 1, 0, 0, 0, 0, 0, 0, 0, 0, 0, 0, 0, 0]
Iteration 330 New: [0, 0, 92, 73, 66, 50, 57, 46, 70, 62, 74, 76, 38, 2, 0] diff:[0, 0, 1, 0, 0, 0, 0, 0, 0, 0, 0, 0, 0, 0, 0]
Iteration 340 New: [0, 0, 98, 73, 66, 50, 57, 46, 70, 62, 74, 76, 38, 2, 0] diff:[0, 0, 1, 0, 0, 0, 0, 0, 0, 0, 0, 0, 0, 0, 0]
Iteration 350 New: [0, 0, 98, 73, 66, 50, 57, 46, 70, 62, 74, 76, 38, 2, 0] diff:[0, 0, -1, 0, 0, 0, 0, 0, 0, 0, 0, 0, 0, 0, 0]
Iteration 360 New: [0, 0, 100, 73, 66, 50, 57, 46, 70, 62, 74, 76, 38, 2, 0] diff:[0, 0, -1, 0, 0, 0, 0, 0, 0, 0, 0, 0, 0, 0, 0]
Iteration 370 New: [0, 0, 100, 73, 66, 50, 57, 46, 70, 62, 74, 76, 38, 2, 0] diff:[0, 0, 1, 0, 0, 0, 0, 0, 0, 0, 0, 0, 0, 0, 0]
Iteration 380 New: [0, 0, 103, 73, 66, 50, 57, 46, 70, 62, 74, 76, 37, 0, 0] diff:[0, 0, 0, 0, 0, 0, 0, 0, 0, 0, 0, 0, -1, 0, 0]
Iteration 390 New: [0, 0, 109, 73, 66, 50, 57, 46, 70, 62, 74, 76, 37, 0, 0] diff:[0, 0, -1, 0, 0, 0, 0, 0, 0, 0, 0, 0, 0, 0, 0]
Iteration 400 New: [0, 0, 117, 73, 66, 50, 57, 46, 70, 62, 74, 76, 37, 0, 0] diff:[0, 0, 1, 0, 0, 0, 0, 0, 0, 0, 0, 0, 0, 0, 0]
Iteration 410 New: [0, 0, 121, 73, 66, 50, 57, 46, 70, 62, 74, 76, 37, 0, 0] diff:[0, 0, 1, 0, 0, 0, 0, 0, 0, 0, 0, 0, 0, 0, 0]
Iteration 420 New: [0, 0, 123, 73, 66, 50, 57, 46, 70, 62, 74, 76, 37, 0, 0] diff:[0, 0, 1, 0, 0, 0, 0, 0, 0, 0, 0, 0, 0, 0, 0]
Iteration 430 New: [0, 0, 121, 73, 66, 50, 57, 46, 70, 62, 74, 76, 37, 0, 0] diff:[0, 0, 1, 0, 0, 0, 0, 0, 0, 0, 0, 0, 0, 0, 0]
Iteration 440 New: [0, 0, 125, 73, 66, 50, 57, 46, 70, 62, 74, 76, 37, 0, 0] diff:[0, 0, -1, 0, 0, 0, 0, 0, 0, 0, 0, 0, 0, 0, 0]
Iteration 450 New: [0, 0, 123, 73, 66, 50, 57, 46, 70, 62, 74, 76, 37, 0, 0] diff:[0, 0, -1, 0, 0, 0, 0, 0, 0, 0, 0, 0, 0, 0, 0]
Iteration 460 New: [0, 0, 125, 73, 66, 50, 57, 46, 70, 62, 74, 76, 37, 0, 0] diff:[0, 0, -1, 0, 0, 0, 0, 0, 0, 0, 0, 0, 0, 0, 0]
Iteration 470 New: [0, 0, 129, 73, 66, 50, 57, 46, 70, 62, 74, 76, 37, 0, 0] diff:[0, 0, 1, 0, 0, 0, 0, 0, 0, 0, 0, 0, 0, 0, 0]
Iteration 480 New: [0, 0, 129, 73, 66, 50, 57, 46, 70, 62, 74, 76, 37, 0, 0] diff:[0, 0, 1, 0, 0, 0, 0, 0, 0, 0, 0, 0, 0, 0, 0]
Iteration 490 New: [0, 0, 135, 73, 66, 50, 57, 46, 70, 62, 74, 76, 37, 0, 0] diff:[0, 0, 1, 0, 0, 0, 0, 0, 0, 0, 0, 0, 0, 0, 0]
Iteration 500 New: [0, 0, 137, 73, 66, 50, 57, 46, 70, 62, 74, 76, 37, 0, 0] diff:[0, 0, 1, 0, 0, 0, 0, 0, 0, 0, 0, 0, 0, 0, 0]
Iteration 510 New: [0, 0, 133, 73, 66, 50, 57, 46, 70, 62, 74, 76, 37, 0, 0] diff:[0, 0, -1, 0, 0, 0, 0, 0, 0, 0, 0, 0, 0, 0, 0]
Iteration 520 New: [0, 0, 131, 73, 66, 50, 57, 46, 70, 62, 74, 76, 37, 0, 0] diff:[0, 0, 1, 0, 0, 0, 0, 0, 0, 0, 0, 0, 0, 0, 0]
Iteration 530 New: [0, 0, 131, 73, 66, 50, 57, 46, 70, 62, 74, 76, 37, 0, 0] diff:[0, 0, -1, 0, 0, 0, 0, 0, 0, 0, 0, 0, 0, 0, 0]
Iteration 540 New: [0, 0, 127, 73, 66, 50, 57, 46, 70, 62, 74, 76, 37, 0, 0] diff:[0, 0, -1, 0, 0, 0, 0, 0, 0, 0, 0, 0, 0, 0, 0]
Iteration 550 New: [0, 0, 132, 74, 66, 50, 57, 46, 70, 62, 74, 76, 37, 0, 0] diff:[0, 0, 1, 0, 0, 0, 0, 0, 0, 0, 0, 0, 0, 0, 0]
Iteration 560 New: [0, 0, 128, 74, 66, 50, 57, 46, 70, 62, 74, 76, 37, 0, 0] diff:[0, 0, 1, 0, 0, 0, 0, 0, 0, 0, 0, 0, 0, 0, 0]
Iteration 570 New: [0, 0, 126, 74, 66, 50, 57, 46, 70, 62, 74, 76, 37, 0, 0] diff:[0, 0, -1, 0, 0, 0, 0, 0, 0, 0, 0, 0, 0, 0, 0]
Iteration 580 New: [0, 0, 128, 74, 66, 50, 57, 46, 70, 62, 74, 76, 37, 0, 0] diff:[0, 0, 1, 0, 0, 0, 0, 0, 0, 0, 0, 0, 0, 0, 0]
Iteration 590 New: [0, 0, 131, 75, 66, 50, 57, 46, 70, 62, 74, 76, 37, 0, 0] diff:[0, 0, 0, -1, 0, 0, 0, 0, 0, 0, 0, 0, 0, 0, 0]
Iteration 600 New: [0, 0, 133, 75, 66, 50, 57, 46, 70, 62, 74, 76, 37, 0, 0] diff:[0, 0, 1, 0, 0, 0, 0, 0, 0, 0, 0, 0, 0, 0, 0]
Iteration 610 New: [0, 0, 135, 75, 66, 50, 57, 46, 70, 62, 74, 76, 37, 0, 0] diff:[0, 0, 1, 0, 0, 0, 0, 0, 0, 0, 0, 0, 0, 0, 0]
Iteration 620 New: [0, 0, 133, 75, 66, 50, 57, 46, 70, 62, 74, 76, 37, 0, 0] diff:[0, 0, -1, 0, 0, 0, 0, 0, 0, 0, 0, 0, 0, 0, 0]
Iteration 630 New: [0, 0, 131, 75, 66, 50, 57, 46, 70, 62, 74, 76, 37, 0, 0] diff:[0, 0, -1, 0, 0, 0, 0, 0, 0, 0, 0, 0, 0, 0, 0]
Iteration 640 New: [0, 0, 133, 75, 66, 50, 57, 46, 70, 62, 74, 76, 37, 0, 0] diff:[0, 0, 1, 0, 0, 0, 0, 0, 0, 0, 0, 0, 0, 0, 0]
Iteration 650 New: [0, 0, 137, 75, 66, 50, 57, 46, 70, 62, 74, 76, 37, 0, 0] diff:[0, 0, 1, 0, 0, 0, 0, 0, 0, 0, 0, 0, 0, 0, 0]
Iteration 660 New: [0, 0, 138, 75, 66, 50, 57, 46, 70, 62, 74, 76, 34, 0, 0] diff:[0, 0, -1, 0, 0, 0, 0, 0, 0, 0, 0, 0, 0, 0, 0]
Iteration 670 New: [0, 0, 138, 75, 66, 50, 57, 46, 70, 62, 74, 76, 34, 0, 0] diff:[0, 0, -1, 0, 0, 0, 0, 0, 0, 0, 0, 0, 0, 0, 0]
Iteration 680 New: [0, 0, 140, 75, 66, 50, 57, 46, 70, 62, 74, 76, 34, 0, 0] diff:[0, 0, 1, 0, 0, 0, 0, 0, 0, 0, 0, 0, 0, 0, 0]
Iteration 690 New: [0, 0, 140, 75, 66, 50, 57, 46, 70, 62, 74, 76, 34, 0, 0] diff:[0, 0, 1, 0, 0, 0, 0, 0, 0, 0, 0, 0, 0, 0, 0]
Iteration 700 New: [0, 0, 136, 75, 66, 50, 57, 46, 70, 62, 74, 76, 34, 0, 0] diff:[0, 0, 1, 0, 0, 0, 0, 0, 0, 0, 0, 0, 0, 0, 0]
Iteration 710 New: [0, 0, 136, 75, 66, 50, 57, 46, 70, 62, 74, 76, 34, 0, 0] diff:[0, 0, -1, 0, 0, 0, 0, 0, 0, 0, 0, 0, 0, 0, 0]
Iteration 720 New: [0, 0, 134, 75, 66, 50, 57, 46, 70, 62, 74, 76, 34, 0, 0] diff:[0, 0, -1, 0, 0, 0, 0, 0, 0, 0, 0, 0, 0, 0, 0]
Iteration 730 New: [0, 0, 136, 75, 66, 50, 57, 46, 70, 62, 74, 76, 34, 0, 0] diff:[0, 0, 1, 0, 0, 0, 0, 0, 0, 0, 0, 0, 0, 0, 0]
Iteration 740 New: [0, 0, 136, 75, 66, 50, 57, 46, 70, 62, 74, 76, 34, 0, 0] diff:[0, 0, -1, 0, 0, 0, 0, 0, 0, 0, 0, 0, 0, 0, 0]
Iteration 750 New: [0, 0, 140, 75, 66, 50, 57, 46, 70, 62, 74, 76, 34, 0, 0] diff:[0, 0, 1, 0, 0, 0, 0, 0, 0, 0, 0, 0, 0, 0, 0]
Iteration 760 New: [0, 0, 144, 75, 66, 50, 57, 46, 70, 62, 74, 76, 34, 0, 0] diff:[0, 0, 1, 0, 0, 0, 0, 0, 0, 0, 0, 0, 0, 0, 0]
Iteration 770 New: [0, 0, 142, 75, 66, 50, 57, 46, 70, 62, 74, 76, 34, 0, 0] diff:[0, 0, -1, 0, 0, 0, 0, 0, 0, 0, 0, 0, 0, 0, 0]
Iteration 780 New: [0, 0, 147, 75, 66, 50, 57, 46, 70, 62, 74, 76, 33, 0, 0] diff:[0, 0, 1, 0, 0, 0, 0, 0, 0, 0, 0, 0, 0, 0, 0]
Iteration 790 New: [0, 0, 155, 75, 66, 50, 57, 46, 70, 62, 74, 76, 33, 0, 0] diff:[0, 0, -1, 0, 0, 0, 0, 0, 0, 0, 0, 0, 0, 0, 0]
Iteration 800 New: [0, 0, 155, 75, 66, 50, 57, 46, 70, 62, 74, 76, 33, 0, 0] diff:[0, 0, -1, 0, 0, 0, 0, 0, 0, 0, 0, 0, 0, 0, 0]
Iteration 810 New: [0, 0, 155, 75, 66, 50, 57, 46, 70, 62, 74, 76, 33, 0, 0] diff:[0, 0, 1, 0, 0, 0, 0, 0, 0, 0, 0, 0, 0, 0, 0]
Iteration 820 New: [0, 0, 157, 75, 66, 50, 57, 46, 70, 62, 74, 76, 33, 0, 0] diff:[0, 0, -1, 0, 0, 0, 0, 0, 0, 0, 0, 0, 0, 0, 0]
Iteration 830 New: [0, 0, 165, 75, 66, 50, 57, 46, 70, 62, 74, 76, 33, 0, 0] diff:[0, 0, 1, 0, 0, 0, 0, 0, 0, 0, 0, 0, 0, 0, 0]
Iteration 840 New: [0, 0, 167, 75, 66, 50, 57, 46, 70, 62, 74, 76, 27, 0, 0] diff:[0, 0, 0, 0, 0, 0, 0, 0, 0, 0, 0, 0, -1, 0, 0]
Iteration 850 New: [0, 0, 169, 75, 66, 50, 57, 46, 70, 62, 74, 76, 21, 0, 0] diff:[0, 0, -1, 0, 0, 0, 0, 0, 0, 0, 0, 0, 0, 0, 0]
Iteration 860 New: [0, 0, 169, 75, 66, 50, 57, 46, 70, 62, 74, 76, 19, 0, 0] diff:[0, 0, -1, 0, 0, 0, 0, 0, 0, 0, 0, 0, 0, 0, 0]
Iteration 870 New: [0, 0, 173, 75, 66, 50, 57, 46, 70, 62, 74, 76, 19, 0, 0] diff:[0, 0, -1, 0, 0, 0, 0, 0, 0, 0, 0, 0, 0, 0, 0]
Iteration 880 New: [0, 0, 173, 75, 66, 50, 57, 46, 70, 62, 74, 76, 19, 0, 0] diff:[0, 0, 1, 0, 0, 0, 0, 0, 0, 0, 0, 0, 0, 0, 0]
Iteration 890 New: [0, 0, 177, 75, 66, 50, 57, 46, 70, 62, 74, 76, 19, 0, 0] diff:[0, 0, 1, 0, 0, 0, 0, 0, 0, 0, 0, 0, 0, 0, 0]
Iteration 900 New: [0, 0, 179, 75, 66, 50, 57, 46, 70, 62, 74, 76, 19, 0, 0] diff:[0, 0, -1, 0, 0, 0, 0, 0, 0, 0, 0, 0, 0, 0, 0]
Iteration 910 New: [0, 0, 179, 75, 66, 50, 57, 46, 70, 62, 74, 76, 19, 0, 0] diff:[0, 0, 1, 0, 0, 0, 0, 0, 0, 0, 0, 0, 0, 0, 0]
Iteration 920 New: [0, 0, 179, 75, 66, 50, 57, 46, 70, 62, 74, 76, 19, 0, 0] diff:[0, 0, -1, 0, 0, 0, 0, 0, 0, 0, 0, 0, 0, 0, 0]
Iteration 930 New: [0, 0, 175, 75, 66, 50, 57, 46, 70, 62, 74, 76, 19, 0, 0] diff:[0, 0, -1, 0, 0, 0, 0, 0, 0, 0, 0, 0, 0, 0, 0]
Iteration 940 New: [0, 0, 179, 75, 66, 50, 57, 46, 70, 62, 74, 76, 19, 0, 0] diff:[0, 0, 1, 0, 0, 0, 0, 0, 0, 0, 0, 0, 0, 0, 0]
Iteration 950 New: [0, 0, 183, 75, 66, 50, 57, 46, 70, 62, 74, 76, 19, 0, 0] diff:[0, 0, 1, 0, 0, 0, 0, 0, 0, 0, 0, 0, 0, 0, 0]
Iteration 960 New: [0, 0, 189, 75, 66, 50, 57, 46, 70, 62, 74, 76, 19, 0, 0] diff:[0, 0, 1, 0, 0, 0, 0, 0, 0, 0, 0, 0, 0, 0, 0]
Iteration 970 New: [0, 0, 191, 75, 66, 50, 57, 46, 70, 62, 74, 76, 19, 0, 0] diff:[0, 0, -1, 0, 0, 0, 0, 0, 0, 0, 0, 0, 0, 0, 0]
Iteration 980 New: [0, 0, 191, 75, 66, 50, 57, 46, 70, 62, 74, 76, 19, 0, 0] diff:[0, 0, 1, 0, 0, 0, 0, 0, 0, 0, 0, 0, 0, 0, 0]
Iteration 990 New: [0, 0, 197, 75, 66, 50, 57, 46, 70, 62, 74, 76, 19, 0, 0] diff:[0, 0, 1, 0, 0, 0, 0, 0, 0, 0, 0, 0, 0, 0, 0]
Iteration 1000 New: [0, 0, 203, 75, 66, 50, 57, 46, 70, 62, 74, 76, 19, 0, 0] diff:[0, 0, 1, 0, 0, 0, 0, 0, 0, 0, 0, 0, 0, 0, 0]
Iteration 1010 New: [0, 0, 197, 75, 66, 50, 57, 46, 70, 62, 74, 76, 19, 0, 0] diff:[0, 0, -1, 0, 0, 0, 0, 0, 0, 0, 0, 0, 0, 0, 0]
Iteration 1020 New: [0, 0, 197, 75, 66, 50, 57, 46, 70, 62, 74, 76, 19, 0, 0] diff:[0, 0, 1, 0, 0, 0, 0, 0, 0, 0, 0, 0, 0, 0, 0]
Iteration 1030 New: [0, 0, 195, 75, 66, 50, 57, 46, 70, 62, 74, 76, 19, 0, 0] diff:[0, 0, -1, 0, 0, 0, 0, 0, 0, 0, 0, 0, 0, 0, 0]
Iteration 1040 New: [0, 0, 195, 75, 66, 50, 57, 46, 70, 62, 74, 76, 19, 0, 0] diff:[0, 0, -1, 0, 0, 0, 0, 0, 0, 0, 0, 0, 0, 0, 0]
Iteration 1050 New: [0, 0, 191, 75, 66, 50, 57, 46, 70, 62, 74, 76, 19, 0, 0] diff:[0, 0, -1, 0, 0, 0, 0, 0, 0, 0, 0, 0, 0, 0, 0]
Iteration 1060 New: [0, 0, 189, 75, 66, 50, 57, 46, 70, 62, 74, 76, 19, 0, 0] diff:[0, 0, 1, 0, 0, 0, 0, 0, 0, 0, 0, 0, 0, 0, 0]
Iteration 1070 New: [0, 0, 191, 75, 66, 50, 57, 46, 70, 62, 74, 76, 19, 0, 0] diff:[0, 0, -1, 0, 0, 0, 0, 0, 0, 0, 0, 0, 0, 0, 0]
Iteration 1080 New: [0, 0, 193, 75, 66, 50, 57, 46, 70, 62, 74, 76, 19, 0, 0] diff:[0, 0, 1, 0, 0, 0, 0, 0, 0, 0, 0, 0, 0, 0, 0]
Iteration 1090 New: [0, 0, 199, 75, 66, 50, 57, 46, 70, 62, 74, 76, 19, 0, 0] diff:[0, 0, 1, 0, 0, 0, 0, 0, 0, 0, 0, 0, 0, 0, 0]
Iteration 1100 New: [0, 0, 203, 75, 66, 50, 57, 46, 70, 62, 74, 76, 19, 0, 0] diff:[0, 0, -1, 0, 0, 0, 0, 0, 0, 0, 0, 0, 0, 0, 0]
Iteration 1110 New: [0, 0, 205, 75, 66, 50, 57, 46, 70, 62, 74, 76, 19, 0, 0] diff:[0, 0, 1, 0, 0, 0, 0, 0, 0, 0, 0, 0, 0, 0, 0]
Iteration 1120 New: [0, 0, 203, 75, 66, 50, 57, 46, 70, 62, 74, 76, 19, 0, 0] diff:[0, 0, -1, 0, 0, 0, 0, 0, 0, 0, 0, 0, 0, 0, 0]
Iteration 1130 New: [0, 0, 197, 75, 66, 50, 57, 46, 70, 62, 74, 76, 19, 0, 0] diff:[0, 0, 1, 0, 0, 0, 0, 0, 0, 0, 0, 0, 0, 0, 0]
Iteration 1140 New: [0, 0, 201, 75, 66, 50, 57, 46, 70, 62, 74, 76, 19, 0, 0] diff:[0, 0, 1, 0, 0, 0, 0, 0, 0, 0, 0, 0, 0, 0, 0]
Iteration 1150 New: [0, 0, 198, 76, 66, 50, 57, 46, 70, 62, 74, 76, 19, 0, 0] diff:[0, 0, -1, 0, 0, 0, 0, 0, 0, 0, 0, 0, 0, 0, 0]
Iteration 1160 New: [0, 0, 196, 76, 66, 50, 57, 46, 70, 62, 74, 76, 19, 0, 0] diff:[0, 0, -1, 0, 0, 0, 0, 0, 0, 0, 0, 0, 0, 0, 0]
Iteration 1170 New: [0, 0, 196, 76, 66, 50, 57, 46, 70, 62, 74, 76, 19, 0, 0] diff:[0, 0, -1, 0, 0, 0, 0, 0, 0, 0, 0, 0, 0, 0, 0]
Iteration 1180 New: [0, 0, 190, 76, 66, 50, 57, 46, 70, 62, 74, 76, 19, 0, 0] diff:[0, 0, -1, 0, 0, 0, 0, 0, 0, 0, 0, 0, 0, 0, 0]
Iteration 1190 New: [0, 0, 192, 76, 66, 50, 57, 46, 70, 62, 74, 76, 19, 0, 0] diff:[0, 0, 1, 0, 0, 0, 0, 0, 0, 0, 0, 0, 0, 0, 0]
Iteration 1200 New: [0, 0, 192, 76, 66, 50, 57, 46, 70, 62, 74, 76, 19, 0, 0] diff:[0, 0, -1, 0, 0, 0, 0, 0, 0, 0, 0, 0, 0, 0, 0]
Iteration 1210 New: [0, 0, 192, 76, 66, 50, 57, 46, 70, 62, 74, 76, 19, 0, 0] diff:[0, 0, 1, 0, 0, 0, 0, 0, 0, 0, 0, 0, 0, 0, 0]
Iteration 1220 New: [0, 0, 190, 76, 66, 50, 57, 46, 70, 62, 74, 76, 19, 0, 0] diff:[0, 0, -1, 0, 0, 0, 0, 0, 0, 0, 0, 0, 0, 0, 0]
Iteration 1230 New: [0, 0, 192, 76, 66, 50, 57, 46, 70, 62, 74, 76, 19, 0, 0] diff:[0, 0, -1, 0, 0, 0, 0, 0, 0, 0, 0, 0, 0, 0, 0]
Iteration 1240 New: [0, 0, 186, 76, 66, 50, 57, 46, 70, 62, 74, 76, 19, 0, 0] diff:[0, 0, -1, 0, 0, 0, 0, 0, 0, 0, 0, 0, 0, 0, 0]
Iteration 1250 New: [0, 0, 184, 76, 66, 50, 57, 46, 70, 62, 74, 76, 19, 0, 0] diff:[0, 0, -1, 0, 0, 0, 0, 0, 0, 0, 0, 0, 0, 0, 0]
Iteration 1260 New: [0, 0, 184, 76, 66, 50, 57, 46, 70, 62, 74, 76, 19, 0, 0] diff:[0, 0, -1, 0, 0, 0, 0, 0, 0, 0, 0, 0, 0, 0, 0]
Iteration 1270 New: [0, 0, 190, 76, 66, 50, 57, 46, 70, 62, 74, 76, 19, 0, 0] diff:[0, 0, 1, 0, 0, 0, 0, 0, 0, 0, 0, 0, 0, 0, 0]
Iteration 1280 New: [0, 0, 195, 75, 66, 50, 57, 46, 70, 62, 74, 76, 19, 0, 0] diff:[0, 0, 1, 0, 0, 0, 0, 0, 0, 0, 0, 0, 0, 0, 0]
Iteration 1290 New: [0, 0, 193, 75, 66, 50, 57, 46, 70, 62, 74, 76, 19, 0, 0] diff:[0, 0, -1, 0, 0, 0, 0, 0, 0, 0, 0, 0, 0, 0, 0]
Iteration 1300 New: [0, 0, 193, 75, 66, 50, 57, 46, 70, 62, 74, 76, 19, 0, 0] diff:[0, 0, 1, 0, 0, 0, 0, 0, 0, 0, 0, 0, 0, 0, 0]
Iteration 1310 New: [0, 0, 193, 75, 66, 50, 57, 46, 70, 62, 74, 76, 19, 0, 0] diff:[0, 0, -1, 0, 0, 0, 0, 0, 0, 0, 0, 0, 0, 0, 0]
Iteration 1320 New: [0, 0, 193, 75, 66, 50, 57, 46, 70, 62, 74, 76, 19, 0, 0] diff:[0, 0, -1, 0, 0, 0, 0, 0, 0, 0, 0, 0, 0, 0, 0]
Iteration 1330 New: [0, 0, 193, 75, 66, 50, 57, 46, 70, 62, 74, 76, 19, 0, 0] diff:[0, 0, -1, 0, 0, 0, 0, 0, 0, 0, 0, 0, 0, 0, 0]
Iteration 1340 New: [0, 0, 191, 75, 66, 50, 57, 46, 70, 62, 74, 76, 19, 0, 0] diff:[0, 0, -1, 0, 0, 0, 0, 0, 0, 0, 0, 0, 0, 0, 0]
Iteration 1350 New: [0, 0, 199, 75, 66, 50, 57, 46, 70, 62, 74, 76, 19, 0, 0] diff:[0, 0, 1, 0, 0, 0, 0, 0, 0, 0, 0, 0, 0, 0, 0]
Iteration 1360 New: [0, 0, 201, 75, 66, 50, 57, 46, 70, 62, 74, 76, 19, 0, 0] diff:[0, 0, -1, 0, 0, 0, 0, 0, 0, 0, 0, 0, 0, 0, 0]
Iteration 1370 New: [0, 0, 197, 75, 66, 50, 57, 46, 70, 62, 74, 76, 19, 0, 0] diff:[0, 0, 1, 0, 0, 0, 0, 0, 0, 0, 0, 0, 0, 0, 0]
Iteration 1380 New: [0, 0, 195, 75, 66, 50, 57, 46, 70, 62, 74, 76, 19, 0, 0] diff:[0, 0, 1, 0, 0, 0, 0, 0, 0, 0, 0, 0, 0, 0, 0]
Iteration 1390 New: [0, 0, 193, 75, 66, 50, 57, 46, 70, 62, 74, 76, 19, 0, 0] diff:[0, 0, 1, 0, 0, 0, 0, 0, 0, 0, 0, 0, 0, 0, 0]
Iteration 1400 New: [0, 0, 197, 75, 66, 50, 57, 46, 70, 62, 74, 76, 19, 0, 0] diff:[0, 0, 1, 0, 0, 0, 0, 0, 0, 0, 0, 0, 0, 0, 0]
Iteration 1410 New: [0, 0, 201, 75, 66, 50, 57, 46, 70, 62, 74, 76, 17, 0, 0] diff:[0, 0, 1, 0, 0, 0, 0, 0, 0, 0, 0, 0, 0, 0, 0]
Iteration 1420 New: [0, 0, 203, 75, 66, 50, 57, 46, 70, 62, 74, 76, 13, 0, 0] diff:[0, 0, 1, 0, 0, 0, 0, 0, 0, 0, 0, 0, 0, 0, 0]
Iteration 1430 New: [0, 0, 207, 75, 66, 50, 57, 46, 70, 62, 74, 76, 7, 0, 0] diff:[0, 0, 0, 0, 0, 0, 0, 0, 0, 0, 0, 0, -1, 0, 0]
Iteration 1440 New: [0, 0, 213, 75, 66, 50, 57, 46, 70, 62, 74, 76, 5, 0, 0] diff:[0, 0, 1, 0, 0, 0, 0, 0, 0, 0, 0, 0, 0, 0, 0]
Iteration 1450 New: [0, 0, 221, 75, 66, 50, 57, 46, 70, 62, 74, 76, 5, 0, 0] diff:[0, 0, 1, 0, 0, 0, 0, 0, 0, 0, 0, 0, 0, 0, 0]
Iteration 1460 New: [0, 0, 225, 75, 66, 50, 57, 46, 70, 62, 74, 76, 5, 0, 0] diff:[0, 0, 1, 0, 0, 0, 0, 0, 0, 0, 0, 0, 0, 0, 0]
Iteration 1470 New: [0, 0, 229, 75, 66, 50, 57, 46, 70, 62, 74, 76, 5, 0, 0] diff:[0, 0, -1, 0, 0, 0, 0, 0, 0, 0, 0, 0, 0, 0, 0]
Iteration 1480 New: [0, 0, 237, 75, 66, 50, 57, 46, 70, 62, 74, 76, 5, 0, 0] diff:[0, 0, 1, 0, 0, 0, 0, 0, 0, 0, 0, 0, 0, 0, 0]
Iteration 1490 New: [0, 0, 241, 75, 66, 50, 57, 46, 70, 62, 74, 76, 5, 0, 0] diff:[0, 0, 1, 0, 0, 0, 0, 0, 0, 0, 0, 0, 0, 0, 0]
Iteration 1500 New: [0, 0, 247, 75, 66, 50, 57, 46, 70, 62, 74, 76, 5, 0, 0] diff:[0, 0, 1, 0, 0, 0, 0, 0, 0, 0, 0, 0, 0, 0, 0]
Iteration 1510 New: [0, 0, 249, 75, 66, 50, 57, 46, 70, 62, 74, 76, 5, 0, 0] diff:[0, 0, -1, 0, 0, 0, 0, 0, 0, 0, 0, 0, 0, 0, 0]
Iteration 1520 New: [0, 0, 250, 75, 66, 50, 57, 46, 70, 62, 74, 76, 4, 0, 0] diff:[0, 0, -1, 0, 0, 0, 0, 0, 0, 0, 0, 0, 0, 0, 0]
Iteration 1530 New: [0, 0, 254, 75, 66, 50, 57, 46, 70, 62, 74, 76, 4, 0, 0] diff:[0, 0, 1, 0, 0, 0, 0, 0, 0, 0, 0, 0, 0, 0, 0]
Iteration 1540 New: [0, 0, 256, 75, 66, 50, 57, 46, 70, 62, 74, 76, 4, 0, 0] diff:[0, 0, -1, 0, 0, 0, 0, 0, 0, 0, 0, 0, 0, 0, 0]
Iteration 1550 New: [0, 0, 261, 75, 66, 50, 57, 46, 70, 62, 74, 76, 1, 0, 0] diff:[0, 0, 1, 0, 0, 0, 0, 0, 0, 0, 0, 0, 0, 0, 0]
Iteration 1560 New: [0, 0, 265, 75, 66, 50, 57, 46, 70, 62, 74, 75, 0, 0, 0] diff:[0, 0, -1, 0, 0, 0, 0, 0, 0, 0, 0, 0, 0, 0, 0]
Iteration 1570 New: [0, 0, 266, 75, 66, 50, 57, 46, 70, 62, 74, 68, 0, 0, 0] diff:[0, 0, 1, 0, 0, 0, 0, 0, 0, 0, 0, 0, 0, 0, 0]
Iteration 1580 New: [0, 0, 266, 75, 66, 50, 57, 46, 70, 62, 74, 68, 0, 0, 0] diff:[0, 0, -1, 0, 0, 0, 0, 0, 0, 0, 0, 0, 0, 0, 0]
Iteration 1590 New: [0, 0, 270, 75, 66, 50, 57, 46, 70, 62, 74, 66, 0, 0, 0] diff:[0, 0, 1, 0, 0, 0, 0, 0, 0, 0, 0, 0, 0, 0, 0]
Iteration 1600 New: [0, 0, 275, 75, 66, 50, 57, 46, 70, 62, 74, 65, 0, 0, 0] diff:[0, 0, 1, 0, 0, 0, 0, 0, 0, 0, 0, 0, 0, 0, 0]
Iteration 1610 New: [0, 0, 281, 75, 66, 50, 57, 46, 70, 62, 74, 65, 0, 0, 0] diff:[0, 0, -1, 0, 0, 0, 0, 0, 0, 0, 0, 0, 0, 0, 0]
Iteration 1620 New: [0, 0, 281, 75, 66, 50, 57, 46, 70, 62, 74, 63, 0, 0, 0] diff:[0, 0, 0, 0, 0, 0, 0, 0, 0, 0, 0, -1, 0, 0, 0]
Iteration 1630 New: [0, 0, 287, 75, 66, 50, 57, 46, 70, 62, 74, 59, 0, 0, 0] diff:[0, 0, 1, 0, 0, 0, 0, 0, 0, 0, 0, 0, 0, 0, 0]
Iteration 1640 New: [0, 0, 288, 75, 66, 50, 57, 46, 70, 62, 74, 56, 0, 0, 0] diff:[0, 0, 1, 0, 0, 0, 0, 0, 0, 0, 0, 0, 0, 0, 0]
Iteration 1650 New: [0, 0, 294, 75, 66, 50, 57, 46, 70, 62, 74, 56, 0, 0, 0] diff:[0, 0, 1, 0, 0, 0, 0, 0, 0, 0, 0, 0, 0, 0, 0]
Iteration 1660 New: [0, 0, 298, 75, 66, 50, 57, 46, 70, 62, 74, 56, 0, 0, 0] diff:[0, 0, 1, 0, 0, 0, 0, 0, 0, 0, 0, 0, 0, 0, 0]
Iteration 1670 New: [0, 0, 300, 75, 66, 50, 57, 46, 70, 62, 74, 56, 0, 0, 0] diff:[0, 0, 1, 0, 0, 0, 0, 0, 0, 0, 0, 0, 0, 0, 0]
Iteration 1680 New: [0, 0, 304, 75, 66, 50, 57, 46, 70, 62, 74, 56, 0, 0, 0] diff:[0, 0, -1, 0, 0, 0, 0, 0, 0, 0, 0, 0, 0, 0, 0]
Iteration 1690 New: [0, 0, 304, 75, 66, 50, 57, 46, 70, 62, 74, 56, 0, 0, 0] diff:[0, 0, -1, 0, 0, 0, 0, 0, 0, 0, 0, 0, 0, 0, 0]
Iteration 1700 New: [0, 0, 308, 75, 66, 50, 57, 46, 70, 62, 74, 56, 0, 0, 0] diff:[0, 0, -1, 0, 0, 0, 0, 0, 0, 0, 0, 0, 0, 0, 0]
Iteration 1710 New: [0, 0, 312, 75, 66, 50, 57, 46, 70, 62, 74, 56, 0, 0, 0] diff:[0, 0, 1, 0, 0, 0, 0, 0, 0, 0, 0, 0, 0, 0, 0]
Iteration 1720 New: [0, 0, 311, 75, 66, 50, 57, 46, 70, 62, 74, 55, 0, 0, 0] diff:[0, 0, 1, 0, 0, 0, 0, 0, 0, 0, 0, 0, 0, 0, 0]
Iteration 1730 New: [0, 0, 316, 76, 66, 50, 57, 46, 70, 62, 74, 55, 0, 0, 0] diff:[0, 0, 1, 0, 0, 0, 0, 0, 0, 0, 0, 0, 0, 0, 0]
Iteration 1740 New: [0, 0, 318, 76, 66, 50, 57, 46, 70, 62, 74, 55, 0, 0, 0] diff:[0, 0, 1, 0, 0, 0, 0, 0, 0, 0, 0, 0, 0, 0, 0]
Iteration 1750 New: [0, 0, 316, 76, 66, 50, 57, 46, 70, 62, 74, 55, 0, 0, 0] diff:[0, 0, 1, 0, 0, 0, 0, 0, 0, 0, 0, 0, 0, 0, 0]
Iteration 1760 New: [0, 0, 319, 76, 66, 50, 57, 46, 70, 62, 74, 54, 0, 0, 0] diff:[0, 0, -1, 0, 0, 0, 0, 0, 0, 0, 0, 0, 0, 0, 0]
Iteration 1770 New: [0, 0, 319, 76, 66, 50, 57, 46, 70, 62, 74, 54, 0, 0, 0] diff:[0, 0, -1, 0, 0, 0, 0, 0, 0, 0, 0, 0, 0, 0, 0]
Iteration 1780 New: [0, 0, 323, 76, 66, 50, 57, 46, 70, 62, 74, 54, 0, 0, 0] diff:[0, 0, 1, 0, 0, 0, 0, 0, 0, 0, 0, 0, 0, 0, 0]
Iteration 1790 New: [0, 0, 321, 76, 66, 50, 57, 46, 70, 62, 74, 54, 0, 0, 0] diff:[0, 0, 1, 0, 0, 0, 0, 0, 0, 0, 0, 0, 0, 0, 0]
Iteration 1800 New: [0, 0, 329, 76, 66, 50, 57, 46, 70, 62, 74, 54, 0, 0, 0] diff:[0, 0, -1, 0, 0, 0, 0, 0, 0, 0, 0, 0, 0, 0, 0]
Iteration 1810 New: [0, 0, 325, 76, 66, 50, 57, 46, 70, 62, 74, 54, 0, 0, 0] diff:[0, 0, -1, 0, 0, 0, 0, 0, 0, 0, 0, 0, 0, 0, 0]
Iteration 1820 New: [0, 0, 325, 76, 66, 50, 57, 46, 70, 62, 74, 54, 0, 0, 0] diff:[0, 0, -1, 0, 0, 0, 0, 0, 0, 0, 0, 0, 0, 0, 0]
Iteration 1830 New: [0, 0, 329, 76, 66, 50, 57, 46, 70, 62, 74, 54, 0, 0, 0] diff:[0, 0, 1, 0, 0, 0, 0, 0, 0, 0, 0, 0, 0, 0, 0]
Iteration 1840 New: [0, 0, 329, 76, 66, 50, 57, 46, 70, 62, 74, 54, 0, 0, 0] diff:[0, 0, -1, 0, 0, 0, 0, 0, 0, 0, 0, 0, 0, 0, 0]
Iteration 1850 New: [0, 0, 331, 76, 66, 50, 57, 46, 70, 62, 74, 54, 0, 0, 0] diff:[0, 0, 1, 0, 0, 0, 0, 0, 0, 0, 0, 0, 0, 0, 0]
Iteration 1860 New: [0, 0, 331, 76, 66, 50, 57, 46, 70, 62, 74, 54, 0, 0, 0] diff:[0, 0, -1, 0, 0, 0, 0, 0, 0, 0, 0, 0, 0, 0, 0]
Iteration 1870 New: [0, 0, 329, 76, 66, 50, 57, 46, 70, 62, 74, 54, 0, 0, 0] diff:[0, 0, -1, 0, 0, 0, 0, 0, 0, 0, 0, 0, 0, 0, 0]
Iteration 1880 New: [0, 0, 331, 76, 66, 50, 57, 46, 70, 62, 74, 54, 0, 0, 0] diff:[0, 0, 1, 0, 0, 0, 0, 0, 0, 0, 0, 0, 0, 0, 0]
Iteration 1890 New: [0, 0, 333, 76, 66, 50, 57, 46, 70, 62, 74, 54, 0, 0, 0] diff:[0, 0, -1, 0, 0, 0, 0, 0, 0, 0, 0, 0, 0, 0, 0]
Iteration 1900 New: [0, 0, 327, 76, 66, 50, 57, 46, 70, 62, 74, 54, 0, 0, 0] diff:[0, 0, -1, 0, 0, 0, 0, 0, 0, 0, 0, 0, 0, 0, 0]
Iteration 1910 New: [0, 0, 329, 76, 66, 50, 57, 46, 70, 62, 74, 54, 0, 0, 0] diff:[0, 0, 1, 0, 0, 0, 0, 0, 0, 0, 0, 0, 0, 0, 0]
Iteration 1920 New: [0, 0, 327, 76, 66, 50, 57, 46, 70, 62, 74, 54, 0, 0, 0] diff:[0, 0, -1, 0, 0, 0, 0, 0, 0, 0, 0, 0, 0, 0, 0]
Iteration 1930 New: [0, 0, 329, 76, 66, 50, 57, 46, 70, 62, 74, 54, 0, 0, 0] diff:[0, 0, 1, 0, 0, 0, 0, 0, 0, 0, 0, 0, 0, 0, 0]
Iteration 1940 New: [0, 0, 337, 76, 66, 50, 57, 46, 70, 62, 74, 54, 0, 0, 0] diff:[0, 0, 1, 0, 0, 0, 0, 0, 0, 0, 0, 0, 0, 0, 0]
Iteration 1950 New: [0, 0, 337, 76, 66, 50, 57, 46, 70, 62, 74, 54, 0, 0, 0] diff:[0, 0, -1, 0, 0, 0, 0, 0, 0, 0, 0, 0, 0, 0, 0]
Iteration 1960 New: [0, 0, 337, 76, 66, 50, 57, 46, 70, 62, 74, 54, 0, 0, 0] diff:[0, 0, 1, 0, 0, 0, 0, 0, 0, 0, 0, 0, 0, 0, 0]
Iteration 1970 New: [0, 0, 341, 76, 66, 50, 57, 46, 70, 62, 74, 54, 0, 0, 0] diff:[0, 0, 1, 0, 0, 0, 0, 0, 0, 0, 0, 0, 0, 0, 0]
Iteration 1980 New: [0, 0, 347, 76, 66, 50, 57, 46, 70, 62, 74, 54, 0, 0, 0] diff:[0, 0, 1, 0, 0, 0, 0, 0, 0, 0, 0, 0, 0, 0, 0]
Iteration 1990 New: [0, 0, 343, 76, 66, 50, 57, 46, 70, 62, 74, 54, 0, 0, 0] diff:[0, 0, 1, 0, 0, 0, 0, 0, 0, 0, 0, 0, 0, 0, 0]
Iteration 2000 New: [0, 0, 341, 76, 66, 50, 57, 46, 70, 62, 74, 54, 0, 0, 0] diff:[0, 0, 1, 0, 0, 0, 0, 0, 0, 0, 0, 0, 0, 0, 0]
Iteration 2010 New: [0, 0, 335, 76, 66, 50, 57, 46, 70, 62, 74, 54, 0, 0, 0] diff:[0, 0, -1, 0, 0, 0, 0, 0, 0, 0, 0, 0, 0, 0, 0]
Iteration 2020 New: [0, 0, 337, 76, 66, 50, 57, 46, 70, 62, 74, 54, 0, 0, 0] diff:[0, 0, 1, 0, 0, 0, 0, 0, 0, 0, 0, 0, 0, 0, 0]
Iteration 2030 New: [0, 0, 341, 76, 66, 50, 57, 46, 70, 62, 74, 54, 0, 0, 0] diff:[0, 0, 1, 0, 0, 0, 0, 0, 0, 0, 0, 0, 0, 0, 0]
Iteration 2040 New: [0, 0, 343, 76, 66, 50, 57, 46, 70, 62, 74, 54, 0, 0, 0] diff:[0, 0, -1, 0, 0, 0, 0, 0, 0, 0, 0, 0, 0, 0, 0]
Iteration 2050 New: [0, 0, 339, 76, 66, 50, 57, 46, 70, 62, 74, 54, 0, 0, 0] diff:[0, 0, -1, 0, 0, 0, 0, 0, 0, 0, 0, 0, 0, 0, 0]
Iteration 2060 New: [0, 0, 341, 76, 66, 50, 57, 46, 70, 62, 74, 54, 0, 0, 0] diff:[0, 0, 1, 0, 0, 0, 0, 0, 0, 0, 0, 0, 0, 0, 0]
Iteration 2070 New: [0, 0, 348, 76, 66, 50, 57, 46, 70, 62, 74, 53, 0, 0, 0] diff:[0, 0, 1, 0, 0, 0, 0, 0, 0, 0, 0, 0, 0, 0, 0]
Iteration 2080 New: [0, 0, 356, 76, 66, 50, 57, 46, 70, 62, 74, 53, 0, 0, 0] diff:[0, 0, 1, 0, 0, 0, 0, 0, 0, 0, 0, 0, 0, 0, 0]
Iteration 2090 New: [0, 0, 362, 76, 66, 50, 57, 46, 70, 62, 74, 53, 0, 0, 0] diff:[0, 0, 1, 0, 0, 0, 0, 0, 0, 0, 0, 0, 0, 0, 0]
Iteration 2100 New: [0, 0, 369, 76, 66, 50, 57, 46, 70, 62, 74, 50, 0, 0, 0] diff:[0, 0, 1, 0, 0, 0, 0, 0, 0, 0, 0, 0, 0, 0, 0]
Iteration 2110 New: [0, 0, 378, 76, 66, 50, 57, 46, 70, 62, 74, 49, 0, 0, 0] diff:[0, 0, 1, 0, 0, 0, 0, 0, 0, 0, 0, 0, 0, 0, 0]
Iteration 2120 New: [0, 0, 382, 76, 66, 50, 57, 46, 70, 62, 74, 49, 0, 0, 0] diff:[0, 0, 1, 0, 0, 0, 0, 0, 0, 0, 0, 0, 0, 0, 0]
Iteration 2130 New: [0, 0, 392, 76, 66, 50, 57, 46, 70, 62, 74, 49, 0, 0, 0] diff:[0, 0, 1, 0, 0, 0, 0, 0, 0, 0, 0, 0, 0, 0, 0]
Iteration 2140 New: [0, 0, 396, 76, 66, 50, 57, 46, 70, 62, 74, 49, 0, 0, 0] diff:[0, 0, 1, 0, 0, 0, 0, 0, 0, 0, 0, 0, 0, 0, 0]
Iteration 2150 New: [0, 0, 402, 76, 66, 50, 57, 46, 70, 62, 74, 49, 0, 0, 0] diff:[0, 0, -1, 0, 0, 0, 0, 0, 0, 0, 0, 0, 0, 0, 0]
Iteration 2160 New: [0, 0, 404, 76, 66, 50, 57, 46, 70, 62, 74, 49, 0, 0, 0] diff:[0, 0, 1, 0, 0, 0, 0, 0, 0, 0, 0, 0, 0, 0, 0]
Iteration 2170 New: [0, 0, 408, 76, 66, 50, 57, 46, 70, 62, 74, 49, 0, 0, 0] diff:[0, 0, 1, 0, 0, 0, 0, 0, 0, 0, 0, 0, 0, 0, 0]
Iteration 2180 New: [0, 0, 414, 76, 66, 50, 57, 46, 70, 62, 74, 49, 0, 0, 0] diff:[0, 0, 1, 0, 0, 0, 0, 0, 0, 0, 0, 0, 0, 0, 0]
Iteration 2190 New: [0, 0, 420, 76, 66, 50, 57, 46, 70, 62, 74, 49, 0, 0, 0] diff:[0, 0, 1, 0, 0, 0, 0, 0, 0, 0, 0, 0, 0, 0, 0]
Iteration 2200 New: [0, 0, 422, 76, 66, 50, 57, 46, 70, 62, 74, 49, 0, 0, 0] diff:[0, 0, -1, 0, 0, 0, 0, 0, 0, 0, 0, 0, 0, 0, 0]
Iteration 2210 New: [0, 0, 420, 76, 66, 50, 57, 46, 70, 62, 74, 49, 0, 0, 0] diff:[0, 0, -1, 0, 0, 0, 0, 0, 0, 0, 0, 0, 0, 0, 0]
Iteration 2220 New: [0, 0, 422, 76, 66, 50, 57, 46, 70, 62, 74, 49, 0, 0, 0] diff:[0, 0, 1, 0, 0, 0, 0, 0, 0, 0, 0, 0, 0, 0, 0]
Iteration 2230 New: [0, 0, 428, 76, 66, 50, 57, 46, 70, 62, 74, 49, 0, 0, 0] diff:[0, 0, 1, 0, 0, 0, 0, 0, 0, 0, 0, 0, 0, 0, 0]
Iteration 2240 New: [0, 0, 436, 76, 66, 50, 57, 46, 70, 62, 74, 49, 0, 0, 0] diff:[0, 0, 1, 0, 0, 0, 0, 0, 0, 0, 0, 0, 0, 0, 0]
Iteration 2250 New: [0, 0, 434, 76, 66, 50, 57, 46, 70, 62, 74, 49, 0, 0, 0] diff:[0, 0, 1, 0, 0, 0, 0, 0, 0, 0, 0, 0, 0, 0, 0]
Iteration 2260 New: [0, 0, 430, 76, 66, 50, 57, 46, 70, 62, 74, 49, 0, 0, 0] diff:[0, 0, -1, 0, 0, 0, 0, 0, 0, 0, 0, 0, 0, 0, 0]
Iteration 2270 New: [0, 0, 428, 76, 66, 50, 57, 46, 70, 62, 74, 49, 0, 0, 0] diff:[0, 0, 1, 0, 0, 0, 0, 0, 0, 0, 0, 0, 0, 0, 0]
Iteration 2280 New: [0, 0, 428, 76, 66, 50, 57, 46, 70, 62, 74, 49, 0, 0, 0] diff:[0, 0, -1, 0, 0, 0, 0, 0, 0, 0, 0, 0, 0, 0, 0]
Iteration 2290 New: [0, 0, 428, 76, 66, 50, 57, 46, 70, 62, 74, 49, 0, 0, 0] diff:[0, 0, -1, 0, 0, 0, 0, 0, 0, 0, 0, 0, 0, 0, 0]
Iteration 2300 New: [0, 0, 428, 76, 66, 50, 57, 46, 70, 62, 74, 49, 0, 0, 0] diff:[0, 0, 1, 0, 0, 0, 0, 0, 0, 0, 0, 0, 0, 0, 0]
Iteration 2310 New: [0, 0, 430, 76, 66, 50, 57, 46, 70, 62, 74, 49, 0, 0, 0] diff:[0, 0, -1, 0, 0, 0, 0, 0, 0, 0, 0, 0, 0, 0, 0]
Iteration 2320 New: [0, 0, 430, 76, 66, 50, 57, 46, 70, 62, 74, 49, 0, 0, 0] diff:[0, 0, 1, 0, 0, 0, 0, 0, 0, 0, 0, 0, 0, 0, 0]
Iteration 2330 New: [0, 0, 430, 76, 66, 50, 57, 46, 70, 62, 74, 49, 0, 0, 0] diff:[0, 0, -1, 0, 0, 0, 0, 0, 0, 0, 0, 0, 0, 0, 0]
Iteration 2340 New: [0, 0, 434, 76, 66, 50, 57, 46, 70, 62, 74, 49, 0, 0, 0] diff:[0, 0, 1, 0, 0, 0, 0, 0, 0, 0, 0, 0, 0, 0, 0]
Iteration 2350 New: [0, 0, 436, 76, 66, 50, 57, 46, 70, 62, 74, 49, 0, 0, 0] diff:[0, 0, 1, 0, 0, 0, 0, 0, 0, 0, 0, 0, 0, 0, 0]
Iteration 2360 New: [0, 0, 434, 76, 66, 50, 57, 46, 70, 62, 74, 49, 0, 0, 0] diff:[0, 0, 1, 0, 0, 0, 0, 0, 0, 0, 0, 0, 0, 0, 0]
Iteration 2370 New: [0, 0, 436, 76, 66, 50, 57, 46, 70, 62, 74, 49, 0, 0, 0] diff:[0, 0, -1, 0, 0, 0, 0, 0, 0, 0, 0, 0, 0, 0, 0]
Iteration 2380 New: [0, 0, 434, 76, 66, 50, 57, 46, 70, 62, 74, 49, 0, 0, 0] diff:[0, 0, -1, 0, 0, 0, 0, 0, 0, 0, 0, 0, 0, 0, 0]
Iteration 2390 New: [0, 0, 434, 76, 66, 50, 57, 46, 70, 62, 74, 49, 0, 0, 0] diff:[0, 0, -1, 0, 0, 0, 0, 0, 0, 0, 0, 0, 0, 0, 0]
Iteration 2400 New: [0, 0, 430, 76, 66, 50, 57, 46, 70, 62, 74, 49, 0, 0, 0] diff:[0, 0, -1, 0, 0, 0, 0, 0, 0, 0, 0, 0, 0, 0, 0]
Iteration 2410 New: [0, 0, 432, 76, 66, 50, 57, 46, 70, 62, 74, 49, 0, 0, 0] diff:[0, 0, 1, 0, 0, 0, 0, 0, 0, 0, 0, 0, 0, 0, 0]
Iteration 2420 New: [0, 0, 430, 76, 66, 50, 57, 46, 70, 62, 74, 49, 0, 0, 0] diff:[0, 0, -1, 0, 0, 0, 0, 0, 0, 0, 0, 0, 0, 0, 0]
Iteration 2430 New: [0, 0, 424, 76, 66, 50, 57, 46, 70, 62, 74, 49, 0, 0, 0] diff:[0, 0, -1, 0, 0, 0, 0, 0, 0, 0, 0, 0, 0, 0, 0]
Iteration 2440 New: [0, 0, 424, 76, 66, 50, 57, 46, 70, 62, 74, 49, 0, 0, 0] diff:[0, 0, 1, 0, 0, 0, 0, 0, 0, 0, 0, 0, 0, 0, 0]
Iteration 2450 New: [0, 0, 424, 76, 66, 50, 57, 46, 70, 62, 74, 49, 0, 0, 0] diff:[0, 0, -1, 0, 0, 0, 0, 0, 0, 0, 0, 0, 0, 0, 0]
Iteration 2460 New: [0, 0, 418, 76, 66, 50, 57, 46, 70, 62, 74, 49, 0, 0, 0] diff:[0, 0, -1, 0, 0, 0, 0, 0, 0, 0, 0, 0, 0, 0, 0]
Iteration 2470 New: [0, 0, 420, 76, 66, 50, 57, 46, 70, 62, 74, 49, 0, 0, 0] diff:[0, 0, -1, 0, 0, 0, 0, 0, 0, 0, 0, 0, 0, 0, 0]
Iteration 2480 New: [0, 0, 423, 77, 66, 50, 57, 46, 70, 62, 74, 49, 0, 0, 0] diff:[0, 0, 0, 1, 0, 0, 0, 0, 0, 0, 0, 0, 0, 0, 0]
Iteration 2490 New: [0, 0, 425, 77, 66, 50, 57, 46, 70, 62, 74, 49, 0, 0, 0] diff:[0, 0, 1, 0, 0, 0, 0, 0, 0, 0, 0, 0, 0, 0, 0]
Iteration 2500 New: [0, 0, 427, 77, 66, 50, 57, 46, 70, 62, 74, 49, 0, 0, 0] diff:[0, 0, 1, 0, 0, 0, 0, 0, 0, 0, 0, 0, 0, 0, 0]
Iteration 2510 New: [0, 0, 432, 76, 66, 50, 57, 46, 70, 62, 74, 49, 0, 0, 0] diff:[0, 0, 0, -1, 0, 0, 0, 0, 0, 0, 0, 0, 0, 0, 0]
Iteration 2520 New: [0, 0, 432, 76, 66, 50, 57, 46, 70, 62, 74, 49, 0, 0, 0] diff:[0, 0, -1, 0, 0, 0, 0, 0, 0, 0, 0, 0, 0, 0, 0]
Iteration 2530 New: [0, 0, 438, 76, 66, 50, 57, 46, 70, 62, 74, 49, 0, 0, 0] diff:[0, 0, 1, 0, 0, 0, 0, 0, 0, 0, 0, 0, 0, 0, 0]
Iteration 2540 New: [0, 0, 440, 76, 66, 50, 57, 46, 70, 62, 74, 49, 0, 0, 0] diff:[0, 0, 1, 0, 0, 0, 0, 0, 0, 0, 0, 0, 0, 0, 0]
Iteration 2550 New: [0, 0, 446, 76, 66, 50, 57, 46, 70, 62, 74, 47, 0, 0, 0] diff:[0, 0, 1, 0, 0, 0, 0, 0, 0, 0, 0, 0, 0, 0, 0]
Iteration 2560 New: [0, 0, 447, 76, 66, 50, 57, 46, 70, 62, 74, 46, 0, 0, 0] diff:[0, 0, -1, 0, 0, 0, 0, 0, 0, 0, 0, 0, 0, 0, 0]
Iteration 2570 New: [0, 0, 447, 76, 66, 50, 57, 46, 70, 62, 74, 46, 0, 0, 0] diff:[0, 0, -1, 0, 0, 0, 0, 0, 0, 0, 0, 0, 0, 0, 0]
Iteration 2580 New: [0, 0, 450, 76, 66, 50, 57, 46, 70, 62, 74, 43, 0, 0, 0] diff:[0, 0, 0, 0, 0, 0, 0, 0, 0, 0, 0, -1, 0, 0, 0]
Iteration 2590 New: [0, 0, 451, 76, 66, 50, 57, 46, 70, 62, 74, 40, 0, 0, 0] diff:[0, 0, 1, 0, 0, 0, 0, 0, 0, 0, 0, 0, 0, 0, 0]
Iteration 2600 New: [0, 0, 459, 76, 66, 50, 57, 46, 70, 62, 74, 40, 0, 0, 0] diff:[0, 0, 1, 0, 0, 0, 0, 0, 0, 0, 0, 0, 0, 0, 0]
Iteration 2610 New: [0, 0, 462, 76, 66, 50, 57, 46, 70, 62, 74, 39, 0, 0, 0] diff:[0, 0, -1, 0, 0, 0, 0, 0, 0, 0, 0, 0, 0, 0, 0]
Iteration 2620 New: [0, 0, 464, 76, 66, 50, 57, 46, 70, 62, 74, 39, 0, 0, 0] diff:[0, 0, -1, 0, 0, 0, 0, 0, 0, 0, 0, 0, 0, 0, 0]
Iteration 2630 New: [0, 0, 464, 76, 66, 50, 57, 46, 70, 62, 74, 39, 0, 0, 0] diff:[0, 0, 1, 0, 0, 0, 0, 0, 0, 0, 0, 0, 0, 0, 0]
Iteration 2640 New: [0, 0, 468, 76, 66, 50, 57, 46, 70, 62, 74, 39, 0, 0, 0] diff:[0, 0, 1, 0, 0, 0, 0, 0, 0, 0, 0, 0, 0, 0, 0]
Iteration 2650 New: [0, 0, 469, 76, 66, 50, 57, 46, 70, 62, 74, 38, 0, 0, 0] diff:[0, 0, 1, 0, 0, 0, 0, 0, 0, 0, 0, 0, 0, 0, 0]
Iteration 2660 New: [0, 0, 471, 76, 66, 50, 57, 46, 70, 62, 74, 36, 0, 0, 0] diff:[0, 0, 1, 0, 0, 0, 0, 0, 0, 0, 0, 0, 0, 0, 0]
Iteration 2670 New: [0, 0, 473, 76, 66, 50, 57, 46, 70, 62, 74, 36, 0, 0, 0] diff:[0, 0, 1, 0, 0, 0, 0, 0, 0, 0, 0, 0, 0, 0, 0]
Iteration 2680 New: [0, 0, 471, 76, 66, 50, 57, 46, 70, 62, 74, 36, 0, 0, 0] diff:[0, 0, 1, 0, 0, 0, 0, 0, 0, 0, 0, 0, 0, 0, 0]
Iteration 2690 New: [0, 0, 467, 76, 66, 50, 57, 46, 70, 62, 74, 36, 0, 0, 0] diff:[0, 0, -1, 0, 0, 0, 0, 0, 0, 0, 0, 0, 0, 0, 0]
Iteration 2700 New: [0, 0, 469, 76, 66, 50, 57, 46, 70, 62, 74, 36, 0, 0, 0] diff:[0, 0, -1, 0, 0, 0, 0, 0, 0, 0, 0, 0, 0, 0, 0]
Iteration 2710 New: [0, 0, 476, 76, 66, 50, 57, 46, 70, 62, 74, 35, 0, 0, 0] diff:[0, 0, 1, 0, 0, 0, 0, 0, 0, 0, 0, 0, 0, 0, 0]
Iteration 2720 New: [0, 0, 482, 76, 66, 50, 57, 46, 70, 62, 74, 35, 0, 0, 0] diff:[0, 0, 1, 0, 0, 0, 0, 0, 0, 0, 0, 0, 0, 0, 0]
Iteration 2730 New: [0, 0, 484, 76, 66, 50, 57, 46, 70, 62, 74, 35, 0, 0, 0] diff:[0, 0, 1, 0, 0, 0, 0, 0, 0, 0, 0, 0, 0, 0, 0]
Iteration 2740 New: [0, 0, 486, 76, 66, 50, 57, 46, 70, 62, 74, 35, 0, 0, 0] diff:[0, 0, 1, 0, 0, 0, 0, 0, 0, 0, 0, 0, 0, 0, 0]
Iteration 2750 New: [0, 0, 488, 76, 66, 50, 57, 46, 70, 62, 74, 35, 0, 0, 0] diff:[0, 0, 1, 0, 0, 0, 0, 0, 0, 0, 0, 0, 0, 0, 0]
Iteration 2760 New: [0, 0, 490, 76, 66, 50, 57, 46, 70, 62, 74, 35, 0, 0, 0] diff:[0, 0, 1, 0, 0, 0, 0, 0, 0, 0, 0, 0, 0, 0, 0]
Iteration 2770 New: [0, 0, 492, 76, 66, 50, 57, 46, 70, 62, 74, 35, 0, 0, 0] diff:[0, 0, 1, 0, 0, 0, 0, 0, 0, 0, 0, 0, 0, 0, 0]
Iteration 2780 New: [0, 0, 496, 76, 66, 50, 57, 46, 70, 62, 74, 35, 0, 0, 0] diff:[0, 0, 1, 0, 0, 0, 0, 0, 0, 0, 0, 0, 0, 0, 0]
Iteration 2790 New: [0, 0, 502, 76, 66, 50, 57, 46, 70, 62, 74, 35, 0, 0, 0] diff:[0, 0, 1, 0, 0, 0, 0, 0, 0, 0, 0, 0, 0, 0, 0]
Iteration 2800 New: [0, 0, 506, 76, 66, 50, 57, 46, 70, 62, 74, 35, 0, 0, 0] diff:[0, 0, -1, 0, 0, 0, 0, 0, 0, 0, 0, 0, 0, 0, 0]
Iteration 2810 New: [0, 0, 512, 76, 66, 50, 57, 46, 70, 62, 74, 31, 0, 0, 0] diff:[0, 0, 0, 0, 0, 0, 0, 0, 0, 0, 0, -1, 0, 0, 0]
Iteration 2820 New: [0, 0, 513, 76, 66, 50, 57, 46, 70, 62, 74, 28, 0, 0, 0] diff:[0, 0, -1, 0, 0, 0, 0, 0, 0, 0, 0, 0, 0, 0, 0]
Iteration 2830 New: [0, 0, 521, 76, 66, 50, 57, 46, 70, 62, 74, 28, 0, 0, 0] diff:[0, 0, 1, 0, 0, 0, 0, 0, 0, 0, 0, 0, 0, 0, 0]
Iteration 2840 New: [0, 0, 529, 76, 66, 50, 57, 46, 70, 62, 74, 28, 0, 0, 0] diff:[0, 0, 1, 0, 0, 0, 0, 0, 0, 0, 0, 0, 0, 0, 0]
Iteration 2850 New: [0, 0, 529, 76, 66, 50, 57, 46, 70, 62, 74, 28, 0, 0, 0] diff:[0, 0, 1, 0, 0, 0, 0, 0, 0, 0, 0, 0, 0, 0, 0]
Iteration 2860 New: [0, 0, 531, 76, 66, 50, 57, 46, 70, 62, 74, 26, 0, 0, 0] diff:[0, 0, 1, 0, 0, 0, 0, 0, 0, 0, 0, 0, 0, 0, 0]
Iteration 2870 New: [0, 0, 534, 76, 66, 50, 57, 46, 70, 62, 74, 25, 0, 0, 0] diff:[0, 0, -1, 0, 0, 0, 0, 0, 0, 0, 0, 0, 0, 0, 0]
Iteration 2880 New: [0, 0, 538, 76, 66, 50, 57, 46, 70, 62, 74, 25, 0, 0, 0] diff:[0, 0, 1, 0, 0, 0, 0, 0, 0, 0, 0, 0, 0, 0, 0]
Iteration 2890 New: [0, 0, 542, 76, 66, 50, 57, 46, 70, 62, 74, 25, 0, 0, 0] diff:[0, 0, 1, 0, 0, 0, 0, 0, 0, 0, 0, 0, 0, 0, 0]
Iteration 2900 New: [0, 0, 547, 76, 66, 50, 57, 46, 70, 62, 74, 24, 0, 0, 0] diff:[0, 0, -1, 0, 0, 0, 0, 0, 0, 0, 0, 0, 0, 0, 0]
Iteration 2910 New: [0, 0, 550, 76, 66, 50, 57, 46, 70, 62, 74, 23, 0, 0, 0] diff:[0, 0, 1, 0, 0, 0, 0, 0, 0, 0, 0, 0, 0, 0, 0]
Iteration 2920 New: [0, 0, 552, 76, 66, 50, 57, 46, 70, 62, 74, 23, 0, 0, 0] diff:[0, 0, -1, 0, 0, 0, 0, 0, 0, 0, 0, 0, 0, 0, 0]
Iteration 2930 New: [0, 0, 554, 76, 66, 50, 57, 46, 70, 62, 74, 23, 0, 0, 0] diff:[0, 0, 1, 0, 0, 0, 0, 0, 0, 0, 0, 0, 0, 0, 0]
Iteration 2940 New: [0, 0, 554, 76, 66, 50, 57, 46, 70, 62, 74, 23, 0, 0, 0] diff:[0, 0, -1, 0, 0, 0, 0, 0, 0, 0, 0, 0, 0, 0, 0]
Iteration 2950 New: [0, 0, 558, 76, 66, 50, 57, 46, 70, 62, 74, 23, 0, 0, 0] diff:[0, 0, 1, 0, 0, 0, 0, 0, 0, 0, 0, 0, 0, 0, 0]
Iteration 2960 New: [0, 0, 563, 76, 66, 50, 57, 46, 70, 62, 74, 20, 0, 0, 0] diff:[0, 0, 1, 0, 0, 0, 0, 0, 0, 0, 0, 0, 0, 0, 0]
Iteration 2970 New: [0, 0, 566, 76, 66, 50, 57, 46, 70, 62, 74, 17, 0, 0, 0] diff:[0, 0, 1, 0, 0, 0, 0, 0, 0, 0, 0, 0, 0, 0, 0]
Iteration 2980 New: [0, 0, 573, 76, 66, 50, 57, 46, 70, 62, 74, 16, 0, 0, 0] diff:[0, 0, 1, 0, 0, 0, 0, 0, 0, 0, 0, 0, 0, 0, 0]
Iteration 2990 New: [0, 0, 578, 76, 66, 50, 57, 46, 70, 62, 74, 15, 0, 0, 0] diff:[0, 0, 1, 0, 0, 0, 0, 0, 0, 0, 0, 0, 0, 0, 0]
Iteration 3000 New: [0, 0, 583, 76, 66, 50, 57, 46, 70, 62, 74, 14, 0, 0, 0] diff:[0, 0, 1, 0, 0, 0, 0, 0, 0, 0, 0, 0, 0, 0, 0]
Iteration 3010 New: [0, 0, 589, 76, 66, 50, 57, 46, 70, 62, 74, 14, 0, 0, 0] diff:[0, 0, 1, 0, 0, 0, 0, 0, 0, 0, 0, 0, 0, 0, 0]
Iteration 3020 New: [0, 0, 593, 76, 66, 50, 57, 46, 70, 62, 74, 14, 0, 0, 0] diff:[0, 0, 1, 0, 0, 0, 0, 0, 0, 0, 0, 0, 0, 0, 0]
Iteration 3030 New: [0, 0, 598, 76, 66, 50, 57, 46, 70, 62, 74, 11, 0, 0, 0] diff:[0, 0, 1, 0, 0, 0, 0, 0, 0, 0, 0, 0, 0, 0, 0]
Iteration 3040 New: [0, 0, 602, 76, 66, 50, 57, 46, 70, 62, 74, 11, 0, 0, 0] diff:[0, 0, 1, 0, 0, 0, 0, 0, 0, 0, 0, 0, 0, 0, 0]
Iteration 3050 New: [0, 0, 604, 76, 66, 50, 57, 46, 70, 62, 74, 11, 0, 0, 0] diff:[0, 0, -1, 0, 0, 0, 0, 0, 0, 0, 0, 0, 0, 0, 0]
Iteration 3060 New: [0, 0, 610, 76, 66, 50, 57, 46, 70, 62, 74, 11, 0, 0, 0] diff:[0, 0, 1, 0, 0, 0, 0, 0, 0, 0, 0, 0, 0, 0, 0]
Iteration 3070 New: [0, 0, 613, 76, 66, 50, 57, 46, 70, 62, 74, 10, 0, 0, 0] diff:[0, 0, -1, 0, 0, 0, 0, 0, 0, 0, 0, 0, 0, 0, 0]
Iteration 3080 New: [0, 0, 619, 76, 66, 50, 57, 46, 70, 62, 74, 10, 0, 0, 0] diff:[0, 0, -1, 0, 0, 0, 0, 0, 0, 0, 0, 0, 0, 0, 0]
Iteration 3090 New: [0, 0, 623, 76, 66, 50, 57, 46, 70, 62, 74, 10, 0, 0, 0] diff:[0, 0, 1, 0, 0, 0, 0, 0, 0, 0, 0, 0, 0, 0, 0]
Iteration 3100 New: [0, 0, 627, 76, 66, 50, 57, 46, 70, 62, 74, 10, 0, 0, 0] diff:[0, 0, -1, 0, 0, 0, 0, 0, 0, 0, 0, 0, 0, 0, 0]
Iteration 3110 New: [0, 0, 627, 76, 66, 50, 57, 46, 70, 62, 74, 10, 0, 0, 0] diff:[0, 0, -1, 0, 0, 0, 0, 0, 0, 0, 0, 0, 0, 0, 0]
Iteration 3120 New: [0, 0, 625, 76, 66, 50, 57, 46, 70, 62, 74, 10, 0, 0, 0] diff:[0, 0, -1, 0, 0, 0, 0, 0, 0, 0, 0, 0, 0, 0, 0]
Iteration 3130 New: [0, 0, 631, 76, 66, 50, 57, 46, 70, 62, 74, 10, 0, 0, 0] diff:[0, 0, 1, 0, 0, 0, 0, 0, 0, 0, 0, 0, 0, 0, 0]
Iteration 3140 New: [0, 0, 635, 76, 66, 50, 57, 46, 70, 62, 74, 10, 0, 0, 0] diff:[0, 0, 1, 0, 0, 0, 0, 0, 0, 0, 0, 0, 0, 0, 0]
Iteration 3150 New: [0, 0, 637, 76, 66, 50, 57, 46, 70, 62, 74, 10, 0, 0, 0] diff:[0, 0, 1, 0, 0, 0, 0, 0, 0, 0, 0, 0, 0, 0, 0]
Iteration 3160 New: [0, 0, 644, 76, 66, 50, 57, 46, 70, 62, 74, 9, 0, 0, 0] diff:[0, 0, 1, 0, 0, 0, 0, 0, 0, 0, 0, 0, 0, 0, 0]
Iteration 3170 New: [0, 0, 646, 76, 66, 50, 57, 46, 70, 62, 74, 9, 0, 0, 0] diff:[0, 0, 1, 0, 0, 0, 0, 0, 0, 0, 0, 0, 0, 0, 0]
Iteration 3180 New: [0, 0, 648, 76, 66, 50, 57, 46, 70, 62, 74, 9, 0, 0, 0] diff:[0, 0, 1, 0, 0, 0, 0, 0, 0, 0, 0, 0, 0, 0, 0]
Iteration 3190 New: [0, 0, 648, 76, 66, 50, 57, 46, 70, 62, 74, 9, 0, 0, 0] diff:[0, 0, -1, 0, 0, 0, 0, 0, 0, 0, 0, 0, 0, 0, 0]
Iteration 3200 New: [0, 0, 646, 76, 66, 50, 57, 46, 70, 62, 74, 9, 0, 0, 0] diff:[0, 0, -1, 0, 0, 0, 0, 0, 0, 0, 0, 0, 0, 0, 0]
Iteration 3210 New: [0, 0, 650, 76, 66, 50, 57, 46, 70, 62, 74, 9, 0, 0, 0] diff:[0, 0, -1, 0, 0, 0, 0, 0, 0, 0, 0, 0, 0, 0, 0]
Iteration 3220 New: [0, 0, 648, 76, 66, 50, 57, 46, 70, 62, 74, 9, 0, 0, 0] diff:[0, 0, -1, 0, 0, 0, 0, 0, 0, 0, 0, 0, 0, 0, 0]
Iteration 3230 New: [0, 0, 642, 76, 66, 50, 57, 46, 70, 62, 74, 9, 0, 0, 0] diff:[0, 0, -1, 0, 0, 0, 0, 0, 0, 0, 0, 0, 0, 0, 0]
Iteration 3240 New: [0, 0, 644, 76, 66, 50, 57, 46, 70, 62, 74, 9, 0, 0, 0] diff:[0, 0, -1, 0, 0, 0, 0, 0, 0, 0, 0, 0, 0, 0, 0]
Iteration 3250 New: [0, 0, 652, 76, 66, 50, 57, 46, 70, 62, 74, 9, 0, 0, 0] diff:[0, 0, 1, 0, 0, 0, 0, 0, 0, 0, 0, 0, 0, 0, 0]
Iteration 3260 New: [0, 0, 654, 76, 66, 50, 57, 46, 70, 62, 74, 7, 0, 0, 0] diff:[0, 0, 1, 0, 0, 0, 0, 0, 0, 0, 0, 0, 0, 0, 0]
Iteration 3270 New: [0, 0, 664, 76, 66, 50, 57, 46, 70, 62, 74, 7, 0, 0, 0] diff:[0, 0, 1, 0, 0, 0, 0, 0, 0, 0, 0, 0, 0, 0, 0]
Iteration 3280 New: [0, 0, 668, 76, 66, 50, 57, 46, 70, 62, 74, 7, 0, 0, 0] diff:[0, 0, -1, 0, 0, 0, 0, 0, 0, 0, 0, 0, 0, 0, 0]
Iteration 3290 New: [0, 0, 672, 76, 66, 50, 57, 46, 70, 62, 74, 7, 0, 0, 0] diff:[0, 0, 1, 0, 0, 0, 0, 0, 0, 0, 0, 0, 0, 0, 0]
Iteration 3300 New: [0, 0, 675, 77, 66, 50, 57, 46, 70, 62, 74, 7, 0, 0, 0] diff:[0, 0, -1, 0, 0, 0, 0, 0, 0, 0, 0, 0, 0, 0, 0]
Iteration 3310 New: [0, 0, 675, 77, 66, 50, 57, 46, 70, 62, 74, 7, 0, 0, 0] diff:[0, 0, 1, 0, 0, 0, 0, 0, 0, 0, 0, 0, 0, 0, 0]
Iteration 3320 New: [0, 0, 671, 77, 66, 50, 57, 46, 70, 62, 74, 7, 0, 0, 0] diff:[0, 0, -1, 0, 0, 0, 0, 0, 0, 0, 0, 0, 0, 0, 0]
Iteration 3330 New: [0, 0, 673, 77, 66, 50, 57, 46, 70, 62, 74, 7, 0, 0, 0] diff:[0, 0, -1, 0, 0, 0, 0, 0, 0, 0, 0, 0, 0, 0, 0]
Iteration 3340 New: [0, 0, 675, 77, 66, 50, 57, 46, 70, 62, 74, 7, 0, 0, 0] diff:[0, 0, -1, 0, 0, 0, 0, 0, 0, 0, 0, 0, 0, 0, 0]
Iteration 3350 New: [0, 0, 675, 77, 66, 50, 57, 46, 70, 62, 74, 7, 0, 0, 0] diff:[0, 0, 1, 0, 0, 0, 0, 0, 0, 0, 0, 0, 0, 0, 0]
Iteration 3360 New: [0, 0, 681, 77, 66, 50, 57, 46, 70, 62, 74, 7, 0, 0, 0] diff:[0, 0, -1, 0, 0, 0, 0, 0, 0, 0, 0, 0, 0, 0, 0]
Iteration 3370 New: [0, 0, 685, 77, 66, 50, 57, 46, 70, 62, 74, 7, 0, 0, 0] diff:[0, 0, -1, 0, 0, 0, 0, 0, 0, 0, 0, 0, 0, 0, 0]
Iteration 3380 New: [0, 0, 685, 77, 66, 50, 57, 46, 70, 62, 74, 7, 0, 0, 0] diff:[0, 0, -1, 0, 0, 0, 0, 0, 0, 0, 0, 0, 0, 0, 0]
Iteration 3390 New: [0, 0, 683, 77, 66, 50, 57, 46, 70, 62, 74, 7, 0, 0, 0] diff:[0, 0, -1, 0, 0, 0, 0, 0, 0, 0, 0, 0, 0, 0, 0]
Iteration 3400 New: [0, 0, 687, 77, 66, 50, 57, 46, 70, 62, 74, 7, 0, 0, 0] diff:[0, 0, 1, 0, 0, 0, 0, 0, 0, 0, 0, 0, 0, 0, 0]
Iteration 3410 New: [0, 0, 685, 77, 66, 50, 57, 46, 70, 62, 74, 5, 0, 0, 0] diff:[0, 0, 1, 0, 0, 0, 0, 0, 0, 0, 0, 0, 0, 0, 0]
Iteration 3420 New: [0, 0, 689, 77, 66, 50, 57, 46, 70, 62, 74, 3, 0, 0, 0] diff:[0, 0, 1, 0, 0, 0, 0, 0, 0, 0, 0, 0, 0, 0, 0]
Iteration 3430 New: [0, 0, 689, 77, 66, 50, 57, 46, 70, 62, 74, 3, 0, 0, 0] diff:[0, 0, 1, 0, 0, 0, 0, 0, 0, 0, 0, 0, 0, 0, 0]
Iteration 3440 New: [0, 0, 692, 77, 66, 50, 57, 46, 70, 62, 74, 2, 0, 0, 0] diff:[0, 0, -1, 0, 0, 0, 0, 0, 0, 0, 0, 0, 0, 0, 0]
Iteration 3450 New: [0, 0, 688, 77, 66, 50, 57, 46, 70, 62, 74, 2, 0, 0, 0] diff:[0, 0, -1, 0, 0, 0, 0, 0, 0, 0, 0, 0, 0, 0, 0]
Auto-stopped algorithm at 3459th iteration

A target 10000 more iterations took 392189798893 ns.
Total iterations 3459
Total algorithm runtime 455590199942 ns
  or 455590.199942 ms