cs_department.gt
Iteration 10 New: [0, 0, 11, 22, 29, 23, 18, 13, 6, 2] diff:[0, 0, 1, 0, 0, 0, 0, 0, 0, 0]
Iteration 20 New: [0, 0, 18, 21, 29, 23, 18, 13, 6, 2] diff:[0, 0, 1, 0, 0, 0, 0, 0, 0, 0]
Iteration 30 New: [0, 0, 23, 22, 29, 23, 18, 13, 6, 2] diff:[0, 0, 1, 0, 0, 0, 0, 0, 0, 0]
Iteration 40 New: [0, 0, 26, 23, 29, 23, 18, 13, 6, 2] diff:[0, 0, -1, 0, 0, 0, 0, 0, 0, 0]
Iteration 50 New: [0, 0, 33, 23, 29, 23, 18, 13, 6, 1] diff:[0, 0, 1, 0, 0, 0, 0, 0, 0, 0]
Iteration 60 New: [0, 0, 42, 22, 29, 23, 18, 13, 6, 1] diff:[0, 0, 1, 0, 0, 0, 0, 0, 0, 0]
Iteration 70 New: [0, 0, 49, 22, 29, 23, 18, 13, 6, 0] diff:[0, 0, 1, 0, 0, 0, 0, 0, 0, 0]
Iteration 80 New: [0, 0, 56, 23, 29, 23, 18, 13, 6, 0] diff:[0, 0, 1, 0, 0, 0, 0, 0, 0, 0]
Iteration 90 New: [0, 0, 60, 23, 29, 23, 18, 13, 6, 0] diff:[0, 0, 1, 0, 0, 0, 0, 0, 0, 0]
Iteration 100 New: [0, 0, 66, 23, 29, 23, 18, 13, 6, 0] diff:[0, 0, 1, 0, 0, 0, 0, 0, 0, 0]
Iteration 110 New: [0, 0, 68, 23, 29, 23, 18, 13, 6, 0] diff:[0, 0, 1, 0, 0, 0, 0, 0, 0, 0]
Iteration 120 New: [0, 0, 76, 23, 29, 23, 18, 13, 6, 0] diff:[0, 0, 1, 0, 0, 0, 0, 0, 0, 0]
Iteration 130 New: [0, 0, 77, 24, 29, 23, 18, 13, 6, 0] diff:[0, 0, -1, 0, 0, 0, 0, 0, 0, 0]
Iteration 140 New: [0, 0, 80, 24, 29, 23, 18, 13, 5, 0] diff:[0, 0, -1, 0, 0, 0, 0, 0, 0, 0]
Iteration 150 New: [0, 0, 87, 25, 29, 23, 18, 13, 5, 0] diff:[0, 0, 1, 0, 0, 0, 0, 0, 0, 0]
Iteration 160 New: [0, 0, 95, 25, 29, 23, 18, 13, 5, 0] diff:[0, 0, 1, 0, 0, 0, 0, 0, 0, 0]
Iteration 170 New: [0, 0, 99, 25, 29, 23, 18, 13, 5, 0] diff:[0, 0, 1, 0, 0, 0, 0, 0, 0, 0]
Iteration 180 New: [0, 0, 106, 26, 29, 23, 18, 13, 3, 0] diff:[0, 0, 1, 0, 0, 0, 0, 0, 0, 0]
Iteration 190 New: [0, 0, 106, 26, 29, 23, 18, 13, 3, 0] diff:[0, 0, 1, 0, 0, 0, 0, 0, 0, 0]
Iteration 200 New: [0, 0, 113, 26, 30, 23, 18, 13, 3, 0] diff:[0, 0, 0, 0, 1, 0, 0, 0, 0, 0]
Iteration 210 New: [0, 0, 118, 25, 30, 23, 18, 13, 3, 0] diff:[0, 0, -1, 0, 0, 0, 0, 0, 0, 0]
Iteration 220 New: [0, 0, 123, 25, 30, 23, 18, 13, 0, 0] diff:[0, 0, 0, 0, 0, 0, 0, 0, -1, 0]
Iteration 230 New: [0, 0, 133, 25, 30, 23, 18, 13, 0, 0] diff:[0, 0, 1, 0, 0, 0, 0, 0, 0, 0]
Iteration 240 New: [0, 0, 143, 25, 30, 23, 18, 13, 0, 0] diff:[0, 0, 1, 0, 0, 0, 0, 0, 0, 0]
Iteration 250 New: [0, 0, 151, 26, 30, 23, 18, 12, 0, 0] diff:[0, 0, 1, 0, 0, 0, 0, 0, 0, 0]
Iteration 260 New: [0, 0, 160, 27, 30, 23, 18, 12, 0, 0] diff:[0, 0, 1, 0, 0, 0, 0, 0, 0, 0]
Iteration 270 New: [0, 0, 169, 28, 30, 23, 18, 12, 0, 0] diff:[0, 0, 1, 0, 0, 0, 0, 0, 0, 0]
Iteration 280 New: [0, 0, 176, 28, 30, 23, 18, 11, 0, 0] diff:[0, 0, 1, 0, 0, 0, 0, 0, 0, 0]
Iteration 290 New: [0, 0, 183, 30, 30, 23, 18, 10, 0, 0] diff:[0, 0, 1, 0, 0, 0, 0, 0, 0, 0]
Iteration 300 New: [0, 0, 187, 30, 30, 23, 18, 6, 0, 0] diff:[0, 0, 0, 0, 0, 0, 0, -1, 0, 0]
Iteration 310 New: [0, 0, 193, 32, 30, 23, 18, 6, 0, 0] diff:[0, 0, 1, 0, 0, 0, 0, 0, 0, 0]
Iteration 320 New: [0, 0, 199, 33, 30, 23, 18, 5, 0, 0] diff:[0, 0, 1, 0, 0, 0, 0, 0, 0, 0]
Iteration 330 New: [0, 0, 208, 34, 30, 23, 18, 5, 0, 0] diff:[0, 0, 1, 0, 0, 0, 0, 0, 0, 0]
Iteration 340 New: [0, 0, 216, 36, 30, 23, 18, 5, 0, 0] diff:[0, 0, 1, 0, 0, 0, 0, 0, 0, 0]
Iteration 350 New: [0, 0, 222, 36, 30, 23, 18, 3, 0, 0] diff:[0, 0, 1, 0, 0, 0, 0, 0, 0, 0]
Iteration 360 New: [0, 0, 228, 37, 30, 23, 18, 2, 0, 0] diff:[0, 0, 1, 0, 0, 0, 0, 0, 0, 0]
Iteration 370 New: [0, 0, 238, 37, 30, 23, 18, 2, 0, 0] diff:[0, 0, 1, 0, 0, 0, 0, 0, 0, 0]
Iteration 380 New: [0, 0, 245, 36, 30, 23, 18, 2, 0, 0] diff:[0, 0, 1, 0, 0, 0, 0, 0, 0, 0]
Iteration 390 New: [0, 0, 248, 37, 31, 23, 18, 1, 0, 0] diff:[0, 0, 1, 0, 0, 0, 0, 0, 0, 0]
Iteration 400 New: [0, 0, 256, 37, 31, 23, 18, 1, 0, 0] diff:[0, 0, 0, -1, 0, 0, 0, 0, 0, 0]
Iteration 410 New: [0, 0, 263, 39, 31, 23, 18, 0, 0, 0] diff:[0, 0, 1, 0, 0, 0, 0, 0, 0, 0]
Iteration 420 New: [0, 0, 272, 38, 31, 23, 18, 0, 0, 0] diff:[0, 0, 1, 0, 0, 0, 0, 0, 0, 0]
Iteration 430 New: [0, 0, 278, 38, 31, 23, 18, 0, 0, 0] diff:[0, 0, 1, 0, 0, 0, 0, 0, 0, 0]
Iteration 440 New: [0, 0, 282, 40, 31, 23, 18, 0, 0, 0] diff:[0, 0, 0, -1, 0, 0, 0, 0, 0, 0]
Iteration 450 New: [0, 0, 290, 41, 31, 23, 17, 0, 0, 0] diff:[0, 0, 1, 0, 0, 0, 0, 0, 0, 0]
Iteration 460 New: [0, 0, 299, 42, 31, 23, 17, 0, 0, 0] diff:[0, 0, 1, 0, 0, 0, 0, 0, 0, 0]
Iteration 470 New: [0, 0, 306, 41, 31, 23, 17, 0, 0, 0] diff:[0, 0, 1, 0, 0, 0, 0, 0, 0, 0]
Iteration 480 New: [0, 0, 313, 42, 31, 23, 15, 0, 0, 0] diff:[0, 0, 1, 0, 0, 0, 0, 0, 0, 0]
Iteration 490 New: [0, 0, 322, 43, 31, 23, 15, 0, 0, 0] diff:[0, 0, 1, 0, 0, 0, 0, 0, 0, 0]
Iteration 500 New: [0, 0, 327, 44, 31, 23, 15, 0, 0, 0] diff:[0, 0, 1, 0, 0, 0, 0, 0, 0, 0]
Iteration 510 New: [0, 0, 334, 45, 31, 23, 15, 0, 0, 0] diff:[0, 0, 1, 0, 0, 0, 0, 0, 0, 0]
Iteration 520 New: [0, 0, 341, 47, 31, 23, 14, 0, 0, 0] diff:[0, 0, 1, 0, 0, 0, 0, 0, 0, 0]
Iteration 530 New: [0, 0, 347, 47, 31, 23, 12, 0, 0, 0] diff:[0, 0, 1, 0, 0, 0, 0, 0, 0, 0]
Iteration 540 New: [0, 0, 352, 48, 31, 23, 12, 0, 0, 0] diff:[0, 0, 1, 0, 0, 0, 0, 0, 0, 0]
Iteration 550 New: [0, 0, 357, 49, 31, 23, 12, 0, 0, 0] diff:[0, 0, 0, -1, 0, 0, 0, 0, 0, 0]
Iteration 560 New: [0, 0, 363, 51, 31, 23, 10, 0, 0, 0] diff:[0, 0, 0, 0, 0, 0, -1, 0, 0, 0]
Iteration 570 New: [0, 0, 368, 53, 32, 23, 8, 0, 0, 0] diff:[0, 0, 1, 0, 0, 0, 0, 0, 0, 0]
Iteration 580 New: [0, 0, 372, 52, 32, 23, 7, 0, 0, 0] diff:[0, 0, 0, -1, 0, 0, 0, 0, 0, 0]
Iteration 590 New: [0, 0, 377, 54, 32, 24, 5, 0, 0, 0] diff:[0, 0, 1, 0, 0, 0, 0, 0, 0, 0]
Iteration 600 New: [0, 0, 380, 55, 32, 24, 1, 0, 0, 0] diff:[0, 0, 1, 0, 0, 0, 0, 0, 0, 0]
Iteration 610 New: [0, 0, 387, 55, 32, 24, 0, 0, 0, 0] diff:[0, 0, 0, 0, 0, 0, -1, 0, 0, 0]
Iteration 620 New: [0, 0, 396, 55, 32, 23, 0, 0, 0, 0] diff:[0, 0, 1, 0, 0, 0, 0, 0, 0, 0]
Iteration 630 New: [0, 0, 404, 56, 32, 22, 0, 0, 0, 0] diff:[0, 0, 1, 0, 0, 0, 0, 0, 0, 0]
Iteration 640 New: [0, 0, 412, 56, 32, 20, 0, 0, 0, 0] diff:[0, 0, 1, 0, 0, 0, 0, 0, 0, 0]
Iteration 650 New: [0, 0, 418, 56, 32, 18, 0, 0, 0, 0] diff:[0, 0, 1, 0, 0, 0, 0, 0, 0, 0]
Iteration 660 New: [0, 0, 424, 58, 32, 16, 0, 0, 0, 0] diff:[0, 0, 0, 1, 0, 0, 0, 0, 0, 0]
Iteration 670 New: [0, 0, 430, 61, 32, 15, 0, 0, 0, 0] diff:[0, 0, 1, 0, 0, 0, 0, 0, 0, 0]
Iteration 680 New: [0, 0, 438, 61, 32, 13, 0, 0, 0, 0] diff:[0, 0, 1, 0, 0, 0, 0, 0, 0, 0]
Iteration 690 New: [0, 0, 442, 62, 32, 12, 0, 0, 0, 0] diff:[0, 0, 0, 0, 0, -1, 0, 0, 0, 0]
Iteration 700 New: [0, 0, 448, 63, 32, 9, 0, 0, 0, 0] diff:[0, 0, 0, 0, 0, -1, 0, 0, 0, 0]
Iteration 710 New: [0, 0, 456, 63, 32, 9, 0, 0, 0, 0] diff:[0, 0, 1, 0, 0, 0, 0, 0, 0, 0]
Iteration 720 New: [0, 0, 456, 63, 32, 7, 0, 0, 0, 0] diff:[0, 0, 0, -1, 0, 0, 0, 0, 0, 0]
Iteration 730 New: [0, 0, 464, 64, 32, 6, 0, 0, 0, 0] diff:[0, 0, 1, 0, 0, 0, 0, 0, 0, 0]
Iteration 740 New: [0, 0, 470, 65, 32, 5, 0, 0, 0, 0] diff:[0, 0, 1, 0, 0, 0, 0, 0, 0, 0]
Iteration 750 New: [0, 0, 473, 68, 32, 3, 0, 0, 0, 0] diff:[0, 0, 1, 0, 0, 0, 0, 0, 0, 0]
Iteration 760 New: [0, 0, 482, 69, 32, 3, 0, 0, 0, 0] diff:[0, 0, 1, 0, 0, 0, 0, 0, 0, 0]
Iteration 770 New: [0, 0, 487, 71, 32, 2, 0, 0, 0, 0] diff:[0, 0, 0, 1, 0, 0, 0, 0, 0, 0]
Iteration 780 New: [0, 0, 494, 70, 32, 2, 0, 0, 0, 0] diff:[0, 0, 1, 0, 0, 0, 0, 0, 0, 0]
Iteration 790 New: [0, 0, 500, 70, 32, 2, 0, 0, 0, 0] diff:[0, 0, 1, 0, 0, 0, 0, 0, 0, 0]
Iteration 800 New: [0, 0, 506, 72, 32, 2, 0, 0, 0, 0] diff:[0, 0, 0, 1, 0, 0, 0, 0, 0, 0]
Iteration 810 New: [0, 0, 509, 71, 32, 0, 0, 0, 0, 0] diff:[0, 0, 1, 0, 0, 0, 0, 0, 0, 0]
Iteration 820 New: [0, 0, 518, 71, 31, 0, 0, 0, 0, 0] diff:[0, 0, 1, 0, 0, 0, 0, 0, 0, 0]
Iteration 830 New: [0, 0, 523, 73, 28, 0, 0, 0, 0, 0] diff:[0, 0, 0, 0, -1, 0, 0, 0, 0, 0]
Iteration 840 New: [0, 0, 528, 73, 23, 0, 0, 0, 0, 0] diff:[0, 0, 1, 0, 0, 0, 0, 0, 0, 0]
Iteration 850 New: [0, 0, 531, 75, 20, 0, 0, 0, 0, 0] diff:[0, 0, 1, 0, 0, 0, 0, 0, 0, 0]
Iteration 860 New: [0, 0, 534, 78, 18, 0, 0, 0, 0, 0] diff:[0, 0, 0, 0, -1, 0, 0, 0, 0, 0]
Iteration 870 New: [0, 0, 542, 79, 17, 0, 0, 0, 0, 0] diff:[0, 0, 1, 0, 0, 0, 0, 0, 0, 0]
Iteration 880 New: [0, 0, 548, 81, 15, 0, 0, 0, 0, 0] diff:[0, 0, 1, 0, 0, 0, 0, 0, 0, 0]
Iteration 890 New: [0, 0, 554, 81, 13, 0, 0, 0, 0, 0] diff:[0, 0, 1, 0, 0, 0, 0, 0, 0, 0]
Iteration 900 New: [0, 0, 561, 82, 11, 0, 0, 0, 0, 0] diff:[0, 0, 0, 1, 0, 0, 0, 0, 0, 0]
Iteration 910 New: [0, 0, 565, 85, 8, 0, 0, 0, 0, 0] diff:[0, 0, 1, 0, 0, 0, 0, 0, 0, 0]
Iteration 920 New: [0, 0, 572, 84, 6, 0, 0, 0, 0, 0] diff:[0, 0, 1, 0, 0, 0, 0, 0, 0, 0]
Iteration 930 New: [0, 0, 578, 86, 4, 0, 0, 0, 0, 0] diff:[0, 0, 0, 1, 0, 0, 0, 0, 0, 0]
Iteration 940 New: [0, 0, 584, 86, 2, 0, 0, 0, 0, 0] diff:[0, 0, 1, 0, 0, 0, 0, 0, 0, 0]
Iteration 950 New: [0, 0, 590, 86, 0, 0, 0, 0, 0, 0] diff:[0, 0, 0, -1, 0, 0, 0, 0, 0, 0]
Iteration 960 New: [0, 0, 596, 84, 0, 0, 0, 0, 0, 0] diff:[0, 0, 1, 0, 0, 0, 0, 0, 0, 0]
Iteration 970 New: [0, 0, 602, 80, 0, 0, 0, 0, 0, 0] diff:[0, 0, 1, 0, 0, 0, 0, 0, 0, 0]
Iteration 980 New: [0, 0, 607, 79, 0, 0, 0, 0, 0, 0] diff:[0, 0, 0, 1, 0, 0, 0, 0, 0, 0]
Iteration 990 New: [0, 0, 613, 77, 0, 0, 0, 0, 0, 0] diff:[0, 0, 1, 0, 0, 0, 0, 0, 0, 0]
Iteration 1000 New: [0, 0, 619, 75, 0, 0, 0, 0, 0, 0] diff:[0, 0, 1, 0, 0, 0, 0, 0, 0, 0]
Iteration 1010 New: [0, 0, 627, 73, 0, 0, 0, 0, 0, 0] diff:[0, 0, 1, 0, 0, 0, 0, 0, 0, 0]
Iteration 1020 New: [0, 0, 633, 73, 0, 0, 0, 0, 0, 0] diff:[0, 0, 0, 1, 0, 0, 0, 0, 0, 0]
Iteration 1030 New: [0, 0, 637, 71, 0, 0, 0, 0, 0, 0] diff:[0, 0, 0, 1, 0, 0, 0, 0, 0, 0]
Iteration 1040 New: [0, 0, 645, 69, 0, 0, 0, 0, 0, 0] diff:[0, 0, 1, 0, 0, 0, 0, 0, 0, 0]
Iteration 1050 New: [0, 0, 649, 65, 0, 0, 0, 0, 0, 0] diff:[0, 0, 1, 0, 0, 0, 0, 0, 0, 0]
Iteration 1060 New: [0, 0, 657, 63, 0, 0, 0, 0, 0, 0] diff:[0, 0, 1, 0, 0, 0, 0, 0, 0, 0]
Iteration 1070 New: [0, 0, 662, 60, 0, 0, 0, 0, 0, 0] diff:[0, 0, -1, 0, 0, 0, 0, 0, 0, 0]
Iteration 1080 New: [0, 0, 669, 57, 0, 0, 0, 0, 0, 0] diff:[0, 0, 0, -1, 0, 0, 0, 0, 0, 0]
Iteration 1090 New: [0, 0, 672, 54, 0, 0, 0, 0, 0, 0] diff:[0, 0, 0, -1, 0, 0, 0, 0, 0, 0]
Iteration 1100 New: [0, 0, 679, 51, 0, 0, 0, 0, 0, 0] diff:[0, 0, 1, 0, 0, 0, 0, 0, 0, 0]
Iteration 1110 New: [0, 0, 686, 50, 0, 0, 0, 0, 0, 0] diff:[0, 0, 1, 0, 0, 0, 0, 0, 0, 0]
Iteration 1120 New: [0, 0, 690, 46, 0, 0, 0, 0, 0, 0] diff:[0, 0, 1, 0, 0, 0, 0, 0, 0, 0]
Iteration 1130 New: [0, 0, 693, 43, 0, 0, 0, 0, 0, 0] diff:[0, 0, 0, -1, 0, 0, 0, 0, 0, 0]
Iteration 1140 New: [0, 0, 698, 40, 0, 0, 0, 0, 0, 0] diff:[0, 0, 0, -1, 0, 0, 0, 0, 0, 0]
Iteration 1150 New: [0, 0, 704, 36, 0, 0, 0, 0, 0, 0] diff:[0, 0, 1, 0, 0, 0, 0, 0, 0, 0]
Iteration 1160 New: [0, 0, 708, 34, 0, 0, 0, 0, 0, 0] diff:[0, 0, 1, 0, 0, 0, 0, 0, 0, 0]
Iteration 1170 New: [0, 0, 711, 31, 0, 0, 0, 0, 0, 0] diff:[0, 0, -1, 0, 0, 0, 0, 0, 0, 0]
Iteration 1180 New: [0, 0, 718, 28, 0, 0, 0, 0, 0, 0] diff:[0, 0, 0, -1, 0, 0, 0, 0, 0, 0]
Iteration 1190 New: [0, 0, 724, 24, 0, 0, 0, 0, 0, 0] diff:[0, 0, 0, -1, 0, 0, 0, 0, 0, 0]
Iteration 1200 New: [0, 0, 729, 19, 0, 0, 0, 0, 0, 0] diff:[0, 0, 1, 0, 0, 0, 0, 0, 0, 0]
Iteration 1210 New: [0, 0, 734, 14, 0, 0, 0, 0, 0, 0] diff:[0, 0, 0, -1, 0, 0, 0, 0, 0, 0]
Iteration 1220 New: [0, 0, 737, 7, 0, 0, 0, 0, 0, 0] diff:[0, 0, 1, 0, 0, 0, 0, 0, 0, 0]
Iteration 1230 New: [0, 0, 744, 4, 0, 0, 0, 0, 0, 0] diff:[0, 0, 0, -1, 0, 0, 0, 0, 0, 0]
Iteration 1240 New: [0, 0, 751, 1, 0, 0, 0, 0, 0, 0] diff:[0, 0, 0, -1, 0, 0, 0, 0, 0, 0]
Iteration 1250 New: [0, 0, 758, 0, 0, 0, 0, 0, 0, 0] diff:[0, 0, 1, 0, 0, 0, 0, 0, 0, 0]
Iteration 1260 New: [0, 0, 764, 0, 0, 0, 0, 0, 0, 0] diff:[0, 0, 1, 0, 0, 0, 0, 0, 0, 0]
Iteration 1270 New: [0, 0, 768, 0, 0, 0, 0, 0, 0, 0] diff:[0, 0, 1, 0, 0, 0, 0, 0, 0, 0]
Iteration 1280 New: [0, 0, 774, 0, 0, 0, 0, 0, 0, 0] diff:[0, 0, 1, 0, 0, 0, 0, 0, 0, 0]
Iteration 1290 New: [0, 0, 774, 0, 0, 0, 0, 0, 0, 0] diff:[0, 0, -1, 0, 0, 0, 0, 0, 0, 0]
Iteration 1300 New: [0, 0, 770, 0, 0, 0, 0, 0, 0, 0] diff:[0, 0, -1, 0, 0, 0, 0, 0, 0, 0]
Iteration 1310 New: [0, 0, 770, 0, 0, 0, 0, 0, 0, 0] diff:[0, 0, -1, 0, 0, 0, 0, 0, 0, 0]
Iteration 1320 New: [0, 0, 772, 0, 0, 0, 0, 0, 0, 0] diff:[0, 0, 1, 0, 0, 0, 0, 0, 0, 0]
Iteration 1330 New: [0, 0, 772, 0, 0, 0, 0, 0, 0, 0] diff:[0, 0, 1, 0, 0, 0, 0, 0, 0, 0]
Iteration 1340 New: [0, 0, 778, 0, 0, 0, 0, 0, 0, 0] diff:[0, 0, 1, 0, 0, 0, 0, 0, 0, 0]
Iteration 1350 New: [0, 0, 778, 0, 0, 0, 0, 0, 0, 0] diff:[0, 0, -1, 0, 0, 0, 0, 0, 0, 0]
Iteration 1360 New: [0, 0, 778, 0, 0, 0, 0, 0, 0, 0] diff:[0, 0, -1, 0, 0, 0, 0, 0, 0, 0]
Iteration 1370 New: [0, 0, 778, 0, 0, 0, 0, 0, 0, 0] diff:[0, 0, -1, 0, 0, 0, 0, 0, 0, 0]
Iteration 1380 New: [0, 0, 780, 0, 0, 0, 0, 0, 0, 0] diff:[0, 0, -1, 0, 0, 0, 0, 0, 0, 0]
Auto-stopped algorithm at 1390th iteration

A target 10000 more iterations took 7818968825 ns.
Iteration 1390 New: [0, 0, 780, 0, 0, 0, 0, 0, 0, 0] diff:[0, 0, 1, 0, 0, 0, 0, 0, 0, 0]
Iteration 1400 New: [0, 0, 784, 0, 0, 0, 0, 0, 0, 0] diff:[0, 0, 1, 0, 0, 0, 0, 0, 0, 0]
Iteration 1410 New: [0, 0, 784, 0, 0, 0, 0, 0, 0, 0] diff:[0, 0, -1, 0, 0, 0, 0, 0, 0, 0]
Iteration 1420 New: [0, 0, 784, 0, 0, 0, 0, 0, 0, 0] diff:[0, 0, 1, 0, 0, 0, 0, 0, 0, 0]
Iteration 1430 New: [0, 0, 782, 0, 0, 0, 0, 0, 0, 0] diff:[0, 0, -1, 0, 0, 0, 0, 0, 0, 0]
Iteration 1440 New: [0, 0, 780, 0, 0, 0, 0, 0, 0, 0] diff:[0, 0, -1, 0, 0, 0, 0, 0, 0, 0]
Iteration 1450 New: [0, 0, 784, 0, 0, 0, 0, 0, 0, 0] diff:[0, 0, 1, 0, 0, 0, 0, 0, 0, 0]
Iteration 1460 New: [0, 0, 786, 0, 0, 0, 0, 0, 0, 0] diff:[0, 0, -1, 0, 0, 0, 0, 0, 0, 0]
Iteration 1470 New: [0, 0, 784, 0, 0, 0, 0, 0, 0, 0] diff:[0, 0, -1, 0, 0, 0, 0, 0, 0, 0]
Iteration 1480 New: [0, 0, 784, 0, 0, 0, 0, 0, 0, 0] diff:[0, 0, -1, 0, 0, 0, 0, 0, 0, 0]
Iteration 1490 New: [0, 0, 780, 0, 0, 0, 0, 0, 0, 0] diff:[0, 0, -1, 0, 0, 0, 0, 0, 0, 0]
Iteration 1500 New: [0, 0, 786, 0, 0, 0, 0, 0, 0, 0] diff:[0, 0, 1, 0, 0, 0, 0, 0, 0, 0]
Iteration 1510 New: [0, 0, 786, 0, 0, 0, 0, 0, 0, 0] diff:[0, 0, 1, 0, 0, 0, 0, 0, 0, 0]
Iteration 1520 New: [0, 0, 784, 0, 0, 0, 0, 0, 0, 0] diff:[0, 0, -1, 0, 0, 0, 0, 0, 0, 0]
Iteration 1530 New: [0, 0, 788, 0, 0, 0, 0, 0, 0, 0] diff:[0, 0, -1, 0, 0, 0, 0, 0, 0, 0]
Iteration 1540 New: [0, 0, 792, 0, 0, 0, 0, 0, 0, 0] diff:[0, 0, 1, 0, 0, 0, 0, 0, 0, 0]
Iteration 1550 New: [0, 0, 792, 0, 0, 0, 0, 0, 0, 0] diff:[0, 0, 1, 0, 0, 0, 0, 0, 0, 0]
Iteration 1560 New: [0, 0, 792, 0, 0, 0, 0, 0, 0, 0] diff:[0, 0, 1, 0, 0, 0, 0, 0, 0, 0]
Iteration 1570 New: [0, 0, 790, 0, 0, 0, 0, 0, 0, 0] diff:[0, 0, -1, 0, 0, 0, 0, 0, 0, 0]
Iteration 1580 New: [0, 0, 790, 0, 0, 0, 0, 0, 0, 0] diff:[0, 0, 1, 0, 0, 0, 0, 0, 0, 0]
Iteration 1590 New: [0, 0, 790, 0, 0, 0, 0, 0, 0, 0] diff:[0, 0, -1, 0, 0, 0, 0, 0, 0, 0]
Iteration 1600 New: [0, 0, 790, 0, 0, 0, 0, 0, 0, 0] diff:[0, 0, 1, 0, 0, 0, 0, 0, 0, 0]
Iteration 1610 New: [0, 0, 792, 0, 0, 0, 0, 0, 0, 0] diff:[0, 0, 1, 0, 0, 0, 0, 0, 0, 0]
Iteration 1620 New: [0, 0, 786, 0, 0, 0, 0, 0, 0, 0] diff:[0, 0, -1, 0, 0, 0, 0, 0, 0, 0]
Iteration 1630 New: [0, 0, 788, 0, 0, 0, 0, 0, 0, 0] diff:[0, 0, -1, 0, 0, 0, 0, 0, 0, 0]
Iteration 1640 New: [0, 0, 790, 0, 0, 0, 0, 0, 0, 0] diff:[0, 0, 1, 0, 0, 0, 0, 0, 0, 0]
Iteration 1650 New: [0, 0, 790, 0, 0, 0, 0, 0, 0, 0] diff:[0, 0, 1, 0, 0, 0, 0, 0, 0, 0]
Iteration 1660 New: [0, 0, 792, 0, 0, 0, 0, 0, 0, 0] diff:[0, 0, 1, 0, 0, 0, 0, 0, 0, 0]
Iteration 1670 New: [0, 0, 794, 0, 0, 0, 0, 0, 0, 0] diff:[0, 0, 1, 0, 0, 0, 0, 0, 0, 0]
Iteration 1680 New: [0, 0, 792, 0, 0, 0, 0, 0, 0, 0] diff:[0, 0, 1, 0, 0, 0, 0, 0, 0, 0]
Iteration 1690 New: [0, 0, 786, 0, 0, 0, 0, 0, 0, 0] diff:[0, 0, -1, 0, 0, 0, 0, 0, 0, 0]
Iteration 1700 New: [0, 0, 782, 0, 0, 0, 0, 0, 0, 0] diff:[0, 0, 1, 0, 0, 0, 0, 0, 0, 0]
Iteration 1710 New: [0, 0, 782, 0, 0, 0, 0, 0, 0, 0] diff:[0, 0, -1, 0, 0, 0, 0, 0, 0, 0]
Iteration 1720 New: [0, 0, 780, 0, 0, 0, 0, 0, 0, 0] diff:[0, 0, -1, 0, 0, 0, 0, 0, 0, 0]
Iteration 1730 New: [0, 0, 782, 0, 0, 0, 0, 0, 0, 0] diff:[0, 0, -1, 0, 0, 0, 0, 0, 0, 0]
Iteration 1740 New: [0, 0, 784, 0, 0, 0, 0, 0, 0, 0] diff:[0, 0, -1, 0, 0, 0, 0, 0, 0, 0]
Iteration 1750 New: [0, 0, 784, 0, 0, 0, 0, 0, 0, 0] diff:[0, 0, -1, 0, 0, 0, 0, 0, 0, 0]
Iteration 1760 New: [0, 0, 786, 0, 0, 0, 0, 0, 0, 0] diff:[0, 0, 1, 0, 0, 0, 0, 0, 0, 0]
Iteration 1770 New: [0, 0, 786, 0, 0, 0, 0, 0, 0, 0] diff:[0, 0, -1, 0, 0, 0, 0, 0, 0, 0]
Iteration 1780 New: [0, 0, 780, 0, 0, 0, 0, 0, 0, 0] diff:[0, 0, -1, 0, 0, 0, 0, 0, 0, 0]
Iteration 1790 New: [0, 0, 778, 0, 0, 0, 0, 0, 0, 0] diff:[0, 0, -1, 0, 0, 0, 0, 0, 0, 0]
Iteration 1800 New: [0, 0, 776, 0, 0, 0, 0, 0, 0, 0] diff:[0, 0, 1, 0, 0, 0, 0, 0, 0, 0]
Iteration 1810 New: [0, 0, 782, 0, 0, 0, 0, 0, 0, 0] diff:[0, 0, -1, 0, 0, 0, 0, 0, 0, 0]
Iteration 1820 New: [0, 0, 782, 0, 0, 0, 0, 0, 0, 0] diff:[0, 0, 1, 0, 0, 0, 0, 0, 0, 0]
Iteration 1830 New: [0, 0, 778, 0, 0, 0, 0, 0, 0, 0] diff:[0, 0, -1, 0, 0, 0, 0, 0, 0, 0]
Iteration 1840 New: [0, 0, 776, 0, 0, 0, 0, 0, 0, 0] diff:[0, 0, 1, 0, 0, 0, 0, 0, 0, 0]
Iteration 1850 New: [0, 0, 780, 0, 0, 0, 0, 0, 0, 0] diff:[0, 0, 1, 0, 0, 0, 0, 0, 0, 0]
Iteration 1860 New: [0, 0, 780, 0, 0, 0, 0, 0, 0, 0] diff:[0, 0, -1, 0, 0, 0, 0, 0, 0, 0]
Iteration 1870 New: [0, 0, 782, 0, 0, 0, 0, 0, 0, 0] diff:[0, 0, 1, 0, 0, 0, 0, 0, 0, 0]
Iteration 1880 New: [0, 0, 776, 0, 0, 0, 0, 0, 0, 0] diff:[0, 0, -1, 0, 0, 0, 0, 0, 0, 0]
Iteration 1890 New: [0, 0, 778, 0, 0, 0, 0, 0, 0, 0] diff:[0, 0, 1, 0, 0, 0, 0, 0, 0, 0]
Iteration 1900 New: [0, 0, 772, 0, 0, 0, 0, 0, 0, 0] diff:[0, 0, -1, 0, 0, 0, 0, 0, 0, 0]
Iteration 1910 New: [0, 0, 778, 0, 0, 0, 0, 0, 0, 0] diff:[0, 0, -1, 0, 0, 0, 0, 0, 0, 0]
Iteration 1920 New: [0, 0, 778, 0, 0, 0, 0, 0, 0, 0] diff:[0, 0, -1, 0, 0, 0, 0, 0, 0, 0]
Iteration 1930 New: [0, 0, 784, 0, 0, 0, 0, 0, 0, 0] diff:[0, 0, 1, 0, 0, 0, 0, 0, 0, 0]
Iteration 1940 New: [0, 0, 784, 0, 0, 0, 0, 0, 0, 0] diff:[0, 0, -1, 0, 0, 0, 0, 0, 0, 0]
Iteration 1950 New: [0, 0, 778, 0, 0, 0, 0, 0, 0, 0] diff:[0, 0, -1, 0, 0, 0, 0, 0, 0, 0]
Iteration 1960 New: [0, 0, 780, 0, 0, 0, 0, 0, 0, 0] diff:[0, 0, 1, 0, 0, 0, 0, 0, 0, 0]
Iteration 1970 New: [0, 0, 778, 0, 0, 0, 0, 0, 0, 0] diff:[0, 0, 1, 0, 0, 0, 0, 0, 0, 0]
Iteration 1980 New: [0, 0, 782, 0, 0, 0, 0, 0, 0, 0] diff:[0, 0, 1, 0, 0, 0, 0, 0, 0, 0]
Iteration 1990 New: [0, 0, 782, 0, 0, 0, 0, 0, 0, 0] diff:[0, 0, -1, 0, 0, 0, 0, 0, 0, 0]
Iteration 2000 New: [0, 0, 780, 0, 0, 0, 0, 0, 0, 0] diff:[0, 0, -1, 0, 0, 0, 0, 0, 0, 0]
Iteration 2010 New: [0, 0, 778, 0, 0, 0, 0, 0, 0, 0] diff:[0, 0, 1, 0, 0, 0, 0, 0, 0, 0]
Iteration 2020 New: [0, 0, 778, 0, 0, 0, 0, 0, 0, 0] diff:[0, 0, -1, 0, 0, 0, 0, 0, 0, 0]
Iteration 2030 New: [0, 0, 784, 0, 0, 0, 0, 0, 0, 0] diff:[0, 0, 1, 0, 0, 0, 0, 0, 0, 0]
Iteration 2040 New: [0, 0, 784, 0, 0, 0, 0, 0, 0, 0] diff:[0, 0, 1, 0, 0, 0, 0, 0, 0, 0]
Iteration 2050 New: [0, 0, 790, 0, 0, 0, 0, 0, 0, 0] diff:[0, 0, -1, 0, 0, 0, 0, 0, 0, 0]
Iteration 2060 New: [0, 0, 786, 0, 0, 0, 0, 0, 0, 0] diff:[0, 0, -1, 0, 0, 0, 0, 0, 0, 0]
Iteration 2070 New: [0, 0, 788, 0, 0, 0, 0, 0, 0, 0] diff:[0, 0, 1, 0, 0, 0, 0, 0, 0, 0]
Iteration 2080 New: [0, 0, 788, 0, 0, 0, 0, 0, 0, 0] diff:[0, 0, -1, 0, 0, 0, 0, 0, 0, 0]
Iteration 2090 New: [0, 0, 784, 0, 0, 0, 0, 0, 0, 0] diff:[0, 0, 1, 0, 0, 0, 0, 0, 0, 0]
Iteration 2100 New: [0, 0, 784, 0, 0, 0, 0, 0, 0, 0] diff:[0, 0, 1, 0, 0, 0, 0, 0, 0, 0]
Iteration 2110 New: [0, 0, 794, 0, 0, 0, 0, 0, 0, 0] diff:[0, 0, 1, 0, 0, 0, 0, 0, 0, 0]
Iteration 2120 New: [0, 0, 792, 0, 0, 0, 0, 0, 0, 0] diff:[0, 0, -1, 0, 0, 0, 0, 0, 0, 0]
Iteration 2130 New: [0, 0, 790, 0, 0, 0, 0, 0, 0, 0] diff:[0, 0, 1, 0, 0, 0, 0, 0, 0, 0]
Iteration 2140 New: [0, 0, 784, 0, 0, 0, 0, 0, 0, 0] diff:[0, 0, 1, 0, 0, 0, 0, 0, 0, 0]
Iteration 2150 New: [0, 0, 788, 0, 0, 0, 0, 0, 0, 0] diff:[0, 0, 1, 0, 0, 0, 0, 0, 0, 0]
Iteration 2160 New: [0, 0, 786, 0, 0, 0, 0, 0, 0, 0] diff:[0, 0, -1, 0, 0, 0, 0, 0, 0, 0]
Iteration 2170 New: [0, 0, 786, 0, 0, 0, 0, 0, 0, 0] diff:[0, 0, 1, 0, 0, 0, 0, 0, 0, 0]
Iteration 2180 New: [0, 0, 786, 0, 0, 0, 0, 0, 0, 0] diff:[0, 0, 1, 0, 0, 0, 0, 0, 0, 0]
Iteration 2190 New: [0, 0, 788, 0, 0, 0, 0, 0, 0, 0] diff:[0, 0, 1, 0, 0, 0, 0, 0, 0, 0]
Iteration 2200 New: [0, 0, 786, 0, 0, 0, 0, 0, 0, 0] diff:[0, 0, 1, 0, 0, 0, 0, 0, 0, 0]
Iteration 2210 New: [0, 0, 784, 0, 0, 0, 0, 0, 0, 0] diff:[0, 0, 1, 0, 0, 0, 0, 0, 0, 0]
Iteration 2220 New: [0, 0, 786, 0, 0, 0, 0, 0, 0, 0] diff:[0, 0, 1, 0, 0, 0, 0, 0, 0, 0]
Iteration 2230 New: [0, 0, 780, 0, 0, 0, 0, 0, 0, 0] diff:[0, 0, -1, 0, 0, 0, 0, 0, 0, 0]
Iteration 2240 New: [0, 0, 782, 0, 0, 0, 0, 0, 0, 0] diff:[0, 0, 1, 0, 0, 0, 0, 0, 0, 0]
Iteration 2250 New: [0, 0, 786, 0, 0, 0, 0, 0, 0, 0] diff:[0, 0, -1, 0, 0, 0, 0, 0, 0, 0]
Iteration 2260 New: [0, 0, 792, 0, 0, 0, 0, 0, 0, 0] diff:[0, 0, 1, 0, 0, 0, 0, 0, 0, 0]
Iteration 2270 New: [0, 0, 788, 0, 0, 0, 0, 0, 0, 0] diff:[0, 0, -1, 0, 0, 0, 0, 0, 0, 0]
Iteration 2280 New: [0, 0, 784, 0, 0, 0, 0, 0, 0, 0] diff:[0, 0, -1, 0, 0, 0, 0, 0, 0, 0]
Iteration 2290 New: [0, 0, 788, 0, 0, 0, 0, 0, 0, 0] diff:[0, 0, 1, 0, 0, 0, 0, 0, 0, 0]
Iteration 2300 New: [0, 0, 784, 0, 0, 0, 0, 0, 0, 0] diff:[0, 0, 1, 0, 0, 0, 0, 0, 0, 0]
Iteration 2310 New: [0, 0, 784, 0, 0, 0, 0, 0, 0, 0] diff:[0, 0, 1, 0, 0, 0, 0, 0, 0, 0]
Iteration 2320 New: [0, 0, 784, 0, 0, 0, 0, 0, 0, 0] diff:[0, 0, 1, 0, 0, 0, 0, 0, 0, 0]
Iteration 2330 New: [0, 0, 782, 0, 0, 0, 0, 0, 0, 0] diff:[0, 0, 1, 0, 0, 0, 0, 0, 0, 0]
Iteration 2340 New: [0, 0, 780, 0, 0, 0, 0, 0, 0, 0] diff:[0, 0, 1, 0, 0, 0, 0, 0, 0, 0]
Iteration 2350 New: [0, 0, 786, 0, 0, 0, 0, 0, 0, 0] diff:[0, 0, -1, 0, 0, 0, 0, 0, 0, 0]
Iteration 2360 New: [0, 0, 786, 0, 0, 0, 0, 0, 0, 0] diff:[0, 0, -1, 0, 0, 0, 0, 0, 0, 0]
Iteration 2370 New: [0, 0, 790, 0, 0, 0, 0, 0, 0, 0] diff:[0, 0, -1, 0, 0, 0, 0, 0, 0, 0]
Iteration 2380 New: [0, 0, 794, 0, 0, 0, 0, 0, 0, 0] diff:[0, 0, 1, 0, 0, 0, 0, 0, 0, 0]
Iteration 2390 New: [0, 0, 788, 0, 0, 0, 0, 0, 0, 0] diff:[0, 0, -1, 0, 0, 0, 0, 0, 0, 0]
Iteration 2400 New: [0, 0, 788, 0, 0, 0, 0, 0, 0, 0] diff:[0, 0, -1, 0, 0, 0, 0, 0, 0, 0]
Iteration 2410 New: [0, 0, 796, 0, 0, 0, 0, 0, 0, 0] diff:[0, 0, 1, 0, 0, 0, 0, 0, 0, 0]
Iteration 2420 New: [0, 0, 794, 0, 0, 0, 0, 0, 0, 0] diff:[0, 0, -1, 0, 0, 0, 0, 0, 0, 0]
Iteration 2430 New: [0, 0, 796, 0, 0, 0, 0, 0, 0, 0] diff:[0, 0, -1, 0, 0, 0, 0, 0, 0, 0]
Iteration 2440 New: [0, 0, 794, 0, 0, 0, 0, 0, 0, 0] diff:[0, 0, 1, 0, 0, 0, 0, 0, 0, 0]
Iteration 2450 New: [0, 0, 794, 0, 0, 0, 0, 0, 0, 0] diff:[0, 0, 1, 0, 0, 0, 0, 0, 0, 0]
Iteration 2460 New: [0, 0, 792, 0, 0, 0, 0, 0, 0, 0] diff:[0, 0, -1, 0, 0, 0, 0, 0, 0, 0]
Iteration 2470 New: [0, 0, 792, 0, 0, 0, 0, 0, 0, 0] diff:[0, 0, 1, 0, 0, 0, 0, 0, 0, 0]
Iteration 2480 New: [0, 0, 790, 0, 0, 0, 0, 0, 0, 0] diff:[0, 0, -1, 0, 0, 0, 0, 0, 0, 0]
Iteration 2490 New: [0, 0, 784, 0, 0, 0, 0, 0, 0, 0] diff:[0, 0, -1, 0, 0, 0, 0, 0, 0, 0]
Iteration 2500 New: [0, 0, 784, 0, 0, 0, 0, 0, 0, 0] diff:[0, 0, -1, 0, 0, 0, 0, 0, 0, 0]
Iteration 2510 New: [0, 0, 784, 0, 0, 0, 0, 0, 0, 0] diff:[0, 0, 1, 0, 0, 0, 0, 0, 0, 0]
Iteration 2520 New: [0, 0, 784, 0, 0, 0, 0, 0, 0, 0] diff:[0, 0, 1, 0, 0, 0, 0, 0, 0, 0]
Iteration 2530 New: [0, 0, 782, 0, 0, 0, 0, 0, 0, 0] diff:[0, 0, 1, 0, 0, 0, 0, 0, 0, 0]
Iteration 2540 New: [0, 0, 784, 0, 0, 0, 0, 0, 0, 0] diff:[0, 0, 1, 0, 0, 0, 0, 0, 0, 0]
Iteration 2550 New: [0, 0, 788, 0, 0, 0, 0, 0, 0, 0] diff:[0, 0, -1, 0, 0, 0, 0, 0, 0, 0]
Iteration 2560 New: [0, 0, 790, 0, 0, 0, 0, 0, 0, 0] diff:[0, 0, 1, 0, 0, 0, 0, 0, 0, 0]
Iteration 2570 New: [0, 0, 788, 0, 0, 0, 0, 0, 0, 0] diff:[0, 0, -1, 0, 0, 0, 0, 0, 0, 0]
Iteration 2580 New: [0, 0, 788, 0, 0, 0, 0, 0, 0, 0] diff:[0, 0, -1, 0, 0, 0, 0, 0, 0, 0]
Iteration 2590 New: [0, 0, 784, 0, 0, 0, 0, 0, 0, 0] diff:[0, 0, 1, 0, 0, 0, 0, 0, 0, 0]
Iteration 2600 New: [0, 0, 786, 0, 0, 0, 0, 0, 0, 0] diff:[0, 0, -1, 0, 0, 0, 0, 0, 0, 0]
Iteration 2610 New: [0, 0, 786, 0, 0, 0, 0, 0, 0, 0] diff:[0, 0, 1, 0, 0, 0, 0, 0, 0, 0]
Iteration 2620 New: [0, 0, 786, 0, 0, 0, 0, 0, 0, 0] diff:[0, 0, 1, 0, 0, 0, 0, 0, 0, 0]
Iteration 2630 New: [0, 0, 790, 0, 0, 0, 0, 0, 0, 0] diff:[0, 0, 1, 0, 0, 0, 0, 0, 0, 0]
Iteration 2640 New: [0, 0, 792, 0, 0, 0, 0, 0, 0, 0] diff:[0, 0, -1, 0, 0, 0, 0, 0, 0, 0]
Iteration 2650 New: [0, 0, 790, 0, 0, 0, 0, 0, 0, 0] diff:[0, 0, -1, 0, 0, 0, 0, 0, 0, 0]
Iteration 2660 New: [0, 0, 792, 0, 0, 0, 0, 0, 0, 0] diff:[0, 0, 1, 0, 0, 0, 0, 0, 0, 0]
Iteration 2670 New: [0, 0, 788, 0, 0, 0, 0, 0, 0, 0] diff:[0, 0, -1, 0, 0, 0, 0, 0, 0, 0]
Iteration 2680 New: [0, 0, 782, 0, 0, 0, 0, 0, 0, 0] diff:[0, 0, -1, 0, 0, 0, 0, 0, 0, 0]
Iteration 2690 New: [0, 0, 784, 0, 0, 0, 0, 0, 0, 0] diff:[0, 0, -1, 0, 0, 0, 0, 0, 0, 0]
Iteration 2700 New: [0, 0, 784, 0, 0, 0, 0, 0, 0, 0] diff:[0, 0, -1, 0, 0, 0, 0, 0, 0, 0]
Iteration 2710 New: [0, 0, 786, 0, 0, 0, 0, 0, 0, 0] diff:[0, 0, -1, 0, 0, 0, 0, 0, 0, 0]
Iteration 2720 New: [0, 0, 784, 0, 0, 0, 0, 0, 0, 0] diff:[0, 0, -1, 0, 0, 0, 0, 0, 0, 0]
Iteration 2730 New: [0, 0, 784, 0, 0, 0, 0, 0, 0, 0] diff:[0, 0, 1, 0, 0, 0, 0, 0, 0, 0]
Iteration 2740 New: [0, 0, 784, 0, 0, 0, 0, 0, 0, 0] diff:[0, 0, -1, 0, 0, 0, 0, 0, 0, 0]
Iteration 2750 New: [0, 0, 784, 0, 0, 0, 0, 0, 0, 0] diff:[0, 0, -1, 0, 0, 0, 0, 0, 0, 0]
Iteration 2760 New: [0, 0, 782, 0, 0, 0, 0, 0, 0, 0] diff:[0, 0, 1, 0, 0, 0, 0, 0, 0, 0]
Iteration 2770 New: [0, 0, 784, 0, 0, 0, 0, 0, 0, 0] diff:[0, 0, 1, 0, 0, 0, 0, 0, 0, 0]
Iteration 2780 New: [0, 0, 784, 0, 0, 0, 0, 0, 0, 0] diff:[0, 0, -1, 0, 0, 0, 0, 0, 0, 0]
Iteration 2790 New: [0, 0, 786, 0, 0, 0, 0, 0, 0, 0] diff:[0, 0, 1, 0, 0, 0, 0, 0, 0, 0]
Iteration 2800 New: [0, 0, 786, 0, 0, 0, 0, 0, 0, 0] diff:[0, 0, -1, 0, 0, 0, 0, 0, 0, 0]
Iteration 2810 New: [0, 0, 788, 0, 0, 0, 0, 0, 0, 0] diff:[0, 0, -1, 0, 0, 0, 0, 0, 0, 0]
Iteration 2820 New: [0, 0, 784, 0, 0, 0, 0, 0, 0, 0] diff:[0, 0, -1, 0, 0, 0, 0, 0, 0, 0]
Iteration 2830 New: [0, 0, 788, 0, 0, 0, 0, 0, 0, 0] diff:[0, 0, 1, 0, 0, 0, 0, 0, 0, 0]
Iteration 2840 New: [0, 0, 786, 0, 0, 0, 0, 0, 0, 0] diff:[0, 0, -1, 0, 0, 0, 0, 0, 0, 0]
Iteration 2850 New: [0, 0, 784, 0, 0, 0, 0, 0, 0, 0] diff:[0, 0, -1, 0, 0, 0, 0, 0, 0, 0]
Iteration 2860 New: [0, 0, 780, 0, 0, 0, 0, 0, 0, 0] diff:[0, 0, 1, 0, 0, 0, 0, 0, 0, 0]
Iteration 2870 New: [0, 0, 780, 0, 0, 0, 0, 0, 0, 0] diff:[0, 0, 1, 0, 0, 0, 0, 0, 0, 0]
Iteration 2880 New: [0, 0, 776, 0, 0, 0, 0, 0, 0, 0] diff:[0, 0, 1, 0, 0, 0, 0, 0, 0, 0]
Iteration 2890 New: [0, 0, 776, 0, 0, 0, 0, 0, 0, 0] diff:[0, 0, 1, 0, 0, 0, 0, 0, 0, 0]
Iteration 2900 New: [0, 0, 782, 0, 0, 0, 0, 0, 0, 0] diff:[0, 0, 1, 0, 0, 0, 0, 0, 0, 0]
Iteration 2910 New: [0, 0, 776, 0, 0, 0, 0, 0, 0, 0] diff:[0, 0, 1, 0, 0, 0, 0, 0, 0, 0]
Iteration 2920 New: [0, 0, 776, 0, 0, 0, 0, 0, 0, 0] diff:[0, 0, -1, 0, 0, 0, 0, 0, 0, 0]
Iteration 2930 New: [0, 0, 778, 0, 0, 0, 0, 0, 0, 0] diff:[0, 0, 1, 0, 0, 0, 0, 0, 0, 0]
Iteration 2940 New: [0, 0, 784, 0, 0, 0, 0, 0, 0, 0] diff:[0, 0, 1, 0, 0, 0, 0, 0, 0, 0]
Iteration 2950 New: [0, 0, 782, 0, 0, 0, 0, 0, 0, 0] diff:[0, 0, -1, 0, 0, 0, 0, 0, 0, 0]
Iteration 2960 New: [0, 0, 782, 0, 0, 0, 0, 0, 0, 0] diff:[0, 0, -1, 0, 0, 0, 0, 0, 0, 0]
Iteration 2970 New: [0, 0, 782, 0, 0, 0, 0, 0, 0, 0] diff:[0, 0, 1, 0, 0, 0, 0, 0, 0, 0]
Iteration 2980 New: [0, 0, 778, 0, 0, 0, 0, 0, 0, 0] diff:[0, 0, 1, 0, 0, 0, 0, 0, 0, 0]
Iteration 2990 New: [0, 0, 784, 0, 0, 0, 0, 0, 0, 0] diff:[0, 0, 1, 0, 0, 0, 0, 0, 0, 0]
Iteration 3000 New: [0, 0, 784, 0, 0, 0, 0, 0, 0, 0] diff:[0, 0, 1, 0, 0, 0, 0, 0, 0, 0]
Iteration 3010 New: [0, 0, 782, 0, 0, 0, 0, 0, 0, 0] diff:[0, 0, -1, 0, 0, 0, 0, 0, 0, 0]
Iteration 3020 New: [0, 0, 780, 0, 0, 0, 0, 0, 0, 0] diff:[0, 0, -1, 0, 0, 0, 0, 0, 0, 0]
Iteration 3030 New: [0, 0, 780, 0, 0, 0, 0, 0, 0, 0] diff:[0, 0, -1, 0, 0, 0, 0, 0, 0, 0]
Iteration 3040 New: [0, 0, 776, 0, 0, 0, 0, 0, 0, 0] diff:[0, 0, -1, 0, 0, 0, 0, 0, 0, 0]
Iteration 3050 New: [0, 0, 776, 0, 0, 0, 0, 0, 0, 0] diff:[0, 0, -1, 0, 0, 0, 0, 0, 0, 0]
Iteration 3060 New: [0, 0, 772, 0, 0, 0, 0, 0, 0, 0] diff:[0, 0, 1, 0, 0, 0, 0, 0, 0, 0]
Iteration 3070 New: [0, 0, 776, 0, 0, 0, 0, 0, 0, 0] diff:[0, 0, 1, 0, 0, 0, 0, 0, 0, 0]
Iteration 3080 New: [0, 0, 778, 0, 0, 0, 0, 0, 0, 0] diff:[0, 0, -1, 0, 0, 0, 0, 0, 0, 0]
Iteration 3090 New: [0, 0, 778, 0, 0, 0, 0, 0, 0, 0] diff:[0, 0, 1, 0, 0, 0, 0, 0, 0, 0]
Iteration 3100 New: [0, 0, 782, 0, 0, 0, 0, 0, 0, 0] diff:[0, 0, -1, 0, 0, 0, 0, 0, 0, 0]
Iteration 3110 New: [0, 0, 780, 0, 0, 0, 0, 0, 0, 0] diff:[0, 0, -1, 0, 0, 0, 0, 0, 0, 0]
Iteration 3120 New: [0, 0, 786, 0, 0, 0, 0, 0, 0, 0] diff:[0, 0, 1, 0, 0, 0, 0, 0, 0, 0]
Iteration 3130 New: [0, 0, 784, 0, 0, 0, 0, 0, 0, 0] diff:[0, 0, 1, 0, 0, 0, 0, 0, 0, 0]
Iteration 3140 New: [0, 0, 778, 0, 0, 0, 0, 0, 0, 0] diff:[0, 0, -1, 0, 0, 0, 0, 0, 0, 0]
Iteration 3150 New: [0, 0, 776, 0, 0, 0, 0, 0, 0, 0] diff:[0, 0, 1, 0, 0, 0, 0, 0, 0, 0]
Iteration 3160 New: [0, 0, 780, 0, 0, 0, 0, 0, 0, 0] diff:[0, 0, -1, 0, 0, 0, 0, 0, 0, 0]
Iteration 3170 New: [0, 0, 778, 0, 0, 0, 0, 0, 0, 0] diff:[0, 0, -1, 0, 0, 0, 0, 0, 0, 0]
Iteration 3180 New: [0, 0, 776, 0, 0, 0, 0, 0, 0, 0] diff:[0, 0, -1, 0, 0, 0, 0, 0, 0, 0]
Iteration 3190 New: [0, 0, 776, 0, 0, 0, 0, 0, 0, 0] diff:[0, 0, -1, 0, 0, 0, 0, 0, 0, 0]
Iteration 3200 New: [0, 0, 774, 0, 0, 0, 0, 0, 0, 0] diff:[0, 0, 1, 0, 0, 0, 0, 0, 0, 0]
Iteration 3210 New: [0, 0, 776, 0, 0, 0, 0, 0, 0, 0] diff:[0, 0, 1, 0, 0, 0, 0, 0, 0, 0]
Iteration 3220 New: [0, 0, 774, 0, 0, 0, 0, 0, 0, 0] diff:[0, 0, 1, 0, 0, 0, 0, 0, 0, 0]
Iteration 3230 New: [0, 0, 776, 0, 0, 0, 0, 0, 0, 0] diff:[0, 0, -1, 0, 0, 0, 0, 0, 0, 0]
Iteration 3240 New: [0, 0, 780, 0, 0, 0, 0, 0, 0, 0] diff:[0, 0, 1, 0, 0, 0, 0, 0, 0, 0]
Iteration 3250 New: [0, 0, 784, 0, 0, 0, 0, 0, 0, 0] diff:[0, 0, -1, 0, 0, 0, 0, 0, 0, 0]
Iteration 3260 New: [0, 0, 788, 0, 0, 0, 0, 0, 0, 0] diff:[0, 0, 1, 0, 0, 0, 0, 0, 0, 0]
Iteration 3270 New: [0, 0, 796, 0, 0, 0, 0, 0, 0, 0] diff:[0, 0, 1, 0, 0, 0, 0, 0, 0, 0]
Iteration 3280 New: [0, 0, 796, 0, 0, 0, 0, 0, 0, 0] diff:[0, 0, 1, 0, 0, 0, 0, 0, 0, 0]
Iteration 3290 New: [0, 0, 796, 0, 0, 0, 0, 0, 0, 0] diff:[0, 0, 1, 0, 0, 0, 0, 0, 0, 0]
Iteration 3300 New: [0, 0, 796, 0, 0, 0, 0, 0, 0, 0] diff:[0, 0, -1, 0, 0, 0, 0, 0, 0, 0]
Iteration 3310 New: [0, 0, 790, 0, 0, 0, 0, 0, 0, 0] diff:[0, 0, -1, 0, 0, 0, 0, 0, 0, 0]
Iteration 3320 New: [0, 0, 788, 0, 0, 0, 0, 0, 0, 0] diff:[0, 0, -1, 0, 0, 0, 0, 0, 0, 0]
Iteration 3330 New: [0, 0, 784, 0, 0, 0, 0, 0, 0, 0] diff:[0, 0, -1, 0, 0, 0, 0, 0, 0, 0]
Iteration 3340 New: [0, 0, 780, 0, 0, 0, 0, 0, 0, 0] diff:[0, 0, 1, 0, 0, 0, 0, 0, 0, 0]
Iteration 3350 New: [0, 0, 780, 0, 0, 0, 0, 0, 0, 0] diff:[0, 0, -1, 0, 0, 0, 0, 0, 0, 0]
Iteration 3360 New: [0, 0, 780, 0, 0, 0, 0, 0, 0, 0] diff:[0, 0, -1, 0, 0, 0, 0, 0, 0, 0]
Iteration 3370 New: [0, 0, 780, 0, 0, 0, 0, 0, 0, 0] diff:[0, 0, 1, 0, 0, 0, 0, 0, 0, 0]
Iteration 3380 New: [0, 0, 778, 0, 0, 0, 0, 0, 0, 0] diff:[0, 0, -1, 0, 0, 0, 0, 0, 0, 0]
Iteration 3390 New: [0, 0, 784, 0, 0, 0, 0, 0, 0, 0] diff:[0, 0, 1, 0, 0, 0, 0, 0, 0, 0]
Iteration 3400 New: [0, 0, 778, 0, 0, 0, 0, 0, 0, 0] diff:[0, 0, -1, 0, 0, 0, 0, 0, 0, 0]
Iteration 3410 New: [0, 0, 782, 0, 0, 0, 0, 0, 0, 0] diff:[0, 0, 1, 0, 0, 0, 0, 0, 0, 0]
Iteration 3420 New: [0, 0, 780, 0, 0, 0, 0, 0, 0, 0] diff:[0, 0, -1, 0, 0, 0, 0, 0, 0, 0]
Iteration 3430 New: [0, 0, 776, 0, 0, 0, 0, 0, 0, 0] diff:[0, 0, -1, 0, 0, 0, 0, 0, 0, 0]
Iteration 3440 New: [0, 0, 780, 0, 0, 0, 0, 0, 0, 0] diff:[0, 0, -1, 0, 0, 0, 0, 0, 0, 0]
Iteration 3450 New: [0, 0, 780, 0, 0, 0, 0, 0, 0, 0] diff:[0, 0, 1, 0, 0, 0, 0, 0, 0, 0]
Iteration 3460 New: [0, 0, 780, 0, 0, 0, 0, 0, 0, 0] diff:[0, 0, 1, 0, 0, 0, 0, 0, 0, 0]
Iteration 3470 New: [0, 0, 778, 0, 0, 0, 0, 0, 0, 0] diff:[0, 0, -1, 0, 0, 0, 0, 0, 0, 0]
Iteration 3480 New: [0, 0, 784, 0, 0, 0, 0, 0, 0, 0] diff:[0, 0, -1, 0, 0, 0, 0, 0, 0, 0]
Iteration 3490 New: [0, 0, 786, 0, 0, 0, 0, 0, 0, 0] diff:[0, 0, -1, 0, 0, 0, 0, 0, 0, 0]
Iteration 3500 New: [0, 0, 788, 0, 0, 0, 0, 0, 0, 0] diff:[0, 0, 1, 0, 0, 0, 0, 0, 0, 0]
Iteration 3510 New: [0, 0, 784, 0, 0, 0, 0, 0, 0, 0] diff:[0, 0, -1, 0, 0, 0, 0, 0, 0, 0]
Iteration 3520 New: [0, 0, 782, 0, 0, 0, 0, 0, 0, 0] diff:[0, 0, -1, 0, 0, 0, 0, 0, 0, 0]
Iteration 3530 New: [0, 0, 784, 0, 0, 0, 0, 0, 0, 0] diff:[0, 0, -1, 0, 0, 0, 0, 0, 0, 0]
Iteration 3540 New: [0, 0, 784, 0, 0, 0, 0, 0, 0, 0] diff:[0, 0, -1, 0, 0, 0, 0, 0, 0, 0]
Iteration 3550 New: [0, 0, 782, 0, 0, 0, 0, 0, 0, 0] diff:[0, 0, 1, 0, 0, 0, 0, 0, 0, 0]
Iteration 3560 New: [0, 0, 784, 0, 0, 0, 0, 0, 0, 0] diff:[0, 0, -1, 0, 0, 0, 0, 0, 0, 0]
Iteration 3570 New: [0, 0, 786, 0, 0, 0, 0, 0, 0, 0] diff:[0, 0, -1, 0, 0, 0, 0, 0, 0, 0]
Iteration 3580 New: [0, 0, 786, 0, 0, 0, 0, 0, 0, 0] diff:[0, 0, 1, 0, 0, 0, 0, 0, 0, 0]
Iteration 3590 New: [0, 0, 788, 0, 0, 0, 0, 0, 0, 0] diff:[0, 0, 1, 0, 0, 0, 0, 0, 0, 0]
Iteration 3600 New: [0, 0, 786, 0, 0, 0, 0, 0, 0, 0] diff:[0, 0, -1, 0, 0, 0, 0, 0, 0, 0]
Iteration 3610 New: [0, 0, 782, 0, 0, 0, 0, 0, 0, 0] diff:[0, 0, -1, 0, 0, 0, 0, 0, 0, 0]
Iteration 3620 New: [0, 0, 782, 0, 0, 0, 0, 0, 0, 0] diff:[0, 0, 1, 0, 0, 0, 0, 0, 0, 0]
Iteration 3630 New: [0, 0, 786, 0, 0, 0, 0, 0, 0, 0] diff:[0, 0, -1, 0, 0, 0, 0, 0, 0, 0]
Iteration 3640 New: [0, 0, 784, 0, 0, 0, 0, 0, 0, 0] diff:[0, 0, -1, 0, 0, 0, 0, 0, 0, 0]
Iteration 3650 New: [0, 0, 778, 0, 0, 0, 0, 0, 0, 0] diff:[0, 0, -1, 0, 0, 0, 0, 0, 0, 0]
Iteration 3660 New: [0, 0, 782, 0, 0, 0, 0, 0, 0, 0] diff:[0, 0, 1, 0, 0, 0, 0, 0, 0, 0]
Iteration 3670 New: [0, 0, 786, 0, 0, 0, 0, 0, 0, 0] diff:[0, 0, 1, 0, 0, 0, 0, 0, 0, 0]
Iteration 3680 New: [0, 0, 788, 0, 0, 0, 0, 0, 0, 0] diff:[0, 0, 1, 0, 0, 0, 0, 0, 0, 0]
Iteration 3690 New: [0, 0, 788, 0, 0, 0, 0, 0, 0, 0] diff:[0, 0, -1, 0, 0, 0, 0, 0, 0, 0]
Iteration 3700 New: [0, 0, 784, 0, 0, 0, 0, 0, 0, 0] diff:[0, 0, -1, 0, 0, 0, 0, 0, 0, 0]
Iteration 3710 New: [0, 0, 788, 0, 0, 0, 0, 0, 0, 0] diff:[0, 0, 1, 0, 0, 0, 0, 0, 0, 0]
Iteration 3720 New: [0, 0, 788, 0, 0, 0, 0, 0, 0, 0] diff:[0, 0, 1, 0, 0, 0, 0, 0, 0, 0]
Iteration 3730 New: [0, 0, 790, 0, 0, 0, 0, 0, 0, 0] diff:[0, 0, -1, 0, 0, 0, 0, 0, 0, 0]
Iteration 3740 New: [0, 0, 786, 0, 0, 0, 0, 0, 0, 0] diff:[0, 0, -1, 0, 0, 0, 0, 0, 0, 0]
Iteration 3750 New: [0, 0, 784, 0, 0, 0, 0, 0, 0, 0] diff:[0, 0, -1, 0, 0, 0, 0, 0, 0, 0]
Iteration 3760 New: [0, 0, 790, 0, 0, 0, 0, 0, 0, 0] diff:[0, 0, 1, 0, 0, 0, 0, 0, 0, 0]
Iteration 3770 New: [0, 0, 794, 0, 0, 0, 0, 0, 0, 0] diff:[0, 0, 1, 0, 0, 0, 0, 0, 0, 0]
Iteration 3780 New: [0, 0, 792, 0, 0, 0, 0, 0, 0, 0] diff:[0, 0, 1, 0, 0, 0, 0, 0, 0, 0]
Iteration 3790 New: [0, 0, 784, 0, 0, 0, 0, 0, 0, 0] diff:[0, 0, -1, 0, 0, 0, 0, 0, 0, 0]
Iteration 3800 New: [0, 0, 786, 0, 0, 0, 0, 0, 0, 0] diff:[0, 0, -1, 0, 0, 0, 0, 0, 0, 0]
Iteration 3810 New: [0, 0, 780, 0, 0, 0, 0, 0, 0, 0] diff:[0, 0, -1, 0, 0, 0, 0, 0, 0, 0]
Iteration 3820 New: [0, 0, 782, 0, 0, 0, 0, 0, 0, 0] diff:[0, 0, 1, 0, 0, 0, 0, 0, 0, 0]
Iteration 3830 New: [0, 0, 786, 0, 0, 0, 0, 0, 0, 0] diff:[0, 0, 1, 0, 0, 0, 0, 0, 0, 0]
Iteration 3840 New: [0, 0, 786, 0, 0, 0, 0, 0, 0, 0] diff:[0, 0, 1, 0, 0, 0, 0, 0, 0, 0]
Iteration 3850 New: [0, 0, 786, 0, 0, 0, 0, 0, 0, 0] diff:[0, 0, 1, 0, 0, 0, 0, 0, 0, 0]
Iteration 3860 New: [0, 0, 786, 0, 0, 0, 0, 0, 0, 0] diff:[0, 0, -1, 0, 0, 0, 0, 0, 0, 0]
Iteration 3870 New: [0, 0, 786, 0, 0, 0, 0, 0, 0, 0] diff:[0, 0, -1, 0, 0, 0, 0, 0, 0, 0]
Iteration 3880 New: [0, 0, 782, 0, 0, 0, 0, 0, 0, 0] diff:[0, 0, -1, 0, 0, 0, 0, 0, 0, 0]
Iteration 3890 New: [0, 0, 788, 0, 0, 0, 0, 0, 0, 0] diff:[0, 0, 1, 0, 0, 0, 0, 0, 0, 0]
Iteration 3900 New: [0, 0, 786, 0, 0, 0, 0, 0, 0, 0] diff:[0, 0, -1, 0, 0, 0, 0, 0, 0, 0]
Iteration 3910 New: [0, 0, 784, 0, 0, 0, 0, 0, 0, 0] diff:[0, 0, 1, 0, 0, 0, 0, 0, 0, 0]
Iteration 3920 New: [0, 0, 782, 0, 0, 0, 0, 0, 0, 0] diff:[0, 0, 1, 0, 0, 0, 0, 0, 0, 0]
Iteration 3930 New: [0, 0, 780, 0, 0, 0, 0, 0, 0, 0] diff:[0, 0, -1, 0, 0, 0, 0, 0, 0, 0]
Iteration 3940 New: [0, 0, 778, 0, 0, 0, 0, 0, 0, 0] diff:[0, 0, -1, 0, 0, 0, 0, 0, 0, 0]
Iteration 3950 New: [0, 0, 772, 0, 0, 0, 0, 0, 0, 0] diff:[0, 0, 1, 0, 0, 0, 0, 0, 0, 0]
Iteration 3960 New: [0, 0, 772, 0, 0, 0, 0, 0, 0, 0] diff:[0, 0, 1, 0, 0, 0, 0, 0, 0, 0]
Iteration 3970 New: [0, 0, 768, 0, 0, 0, 0, 0, 0, 0] diff:[0, 0, -1, 0, 0, 0, 0, 0, 0, 0]
Iteration 3980 New: [0, 0, 770, 0, 0, 0, 0, 0, 0, 0] diff:[0, 0, 1, 0, 0, 0, 0, 0, 0, 0]
Iteration 3990 New: [0, 0, 768, 0, 0, 0, 0, 0, 0, 0] diff:[0, 0, -1, 0, 0, 0, 0, 0, 0, 0]
Iteration 4000 New: [0, 0, 774, 0, 0, 0, 0, 0, 0, 0] diff:[0, 0, 1, 0, 0, 0, 0, 0, 0, 0]
Iteration 4010 New: [0, 0, 772, 0, 0, 0, 0, 0, 0, 0] diff:[0, 0, -1, 0, 0, 0, 0, 0, 0, 0]
Iteration 4020 New: [0, 0, 772, 0, 0, 0, 0, 0, 0, 0] diff:[0, 0, 1, 0, 0, 0, 0, 0, 0, 0]
Iteration 4030 New: [0, 0, 772, 0, 0, 0, 0, 0, 0, 0] diff:[0, 0, -1, 0, 0, 0, 0, 0, 0, 0]
Iteration 4040 New: [0, 0, 774, 0, 0, 0, 0, 0, 0, 0] diff:[0, 0, -1, 0, 0, 0, 0, 0, 0, 0]
Iteration 4050 New: [0, 0, 774, 0, 0, 0, 0, 0, 0, 0] diff:[0, 0, -1, 0, 0, 0, 0, 0, 0, 0]
Iteration 4060 New: [0, 0, 776, 0, 0, 0, 0, 0, 0, 0] diff:[0, 0, -1, 0, 0, 0, 0, 0, 0, 0]
Iteration 4070 New: [0, 0, 782, 0, 0, 0, 0, 0, 0, 0] diff:[0, 0, 1, 0, 0, 0, 0, 0, 0, 0]
Iteration 4080 New: [0, 0, 784, 0, 0, 0, 0, 0, 0, 0] diff:[0, 0, -1, 0, 0, 0, 0, 0, 0, 0]
Iteration 4090 New: [0, 0, 784, 0, 0, 0, 0, 0, 0, 0] diff:[0, 0, -1, 0, 0, 0, 0, 0, 0, 0]
Iteration 4100 New: [0, 0, 784, 0, 0, 0, 0, 0, 0, 0] diff:[0, 0, 1, 0, 0, 0, 0, 0, 0, 0]
Iteration 4110 New: [0, 0, 778, 0, 0, 0, 0, 0, 0, 0] diff:[0, 0, 1, 0, 0, 0, 0, 0, 0, 0]
Iteration 4120 New: [0, 0, 776, 0, 0, 0, 0, 0, 0, 0] diff:[0, 0, -1, 0, 0, 0, 0, 0, 0, 0]
Iteration 4130 New: [0, 0, 782, 0, 0, 0, 0, 0, 0, 0] diff:[0, 0, 1, 0, 0, 0, 0, 0, 0, 0]
Iteration 4140 New: [0, 0, 774, 0, 0, 0, 0, 0, 0, 0] diff:[0, 0, -1, 0, 0, 0, 0, 0, 0, 0]
Iteration 4150 New: [0, 0, 774, 0, 0, 0, 0, 0, 0, 0] diff:[0, 0, -1, 0, 0, 0, 0, 0, 0, 0]
Iteration 4160 New: [0, 0, 776, 0, 0, 0, 0, 0, 0, 0] diff:[0, 0, -1, 0, 0, 0, 0, 0, 0, 0]
Iteration 4170 New: [0, 0, 782, 0, 0, 0, 0, 0, 0, 0] diff:[0, 0, 1, 0, 0, 0, 0, 0, 0, 0]
Iteration 4180 New: [0, 0, 784, 0, 0, 0, 0, 0, 0, 0] diff:[0, 0, 1, 0, 0, 0, 0, 0, 0, 0]
Iteration 4190 New: [0, 0, 784, 0, 0, 0, 0, 0, 0, 0] diff:[0, 0, -1, 0, 0, 0, 0, 0, 0, 0]
Iteration 4200 New: [0, 0, 784, 0, 0, 0, 0, 0, 0, 0] diff:[0, 0, 1, 0, 0, 0, 0, 0, 0, 0]
Iteration 4210 New: [0, 0, 784, 0, 0, 0, 0, 0, 0, 0] diff:[0, 0, 1, 0, 0, 0, 0, 0, 0, 0]
Iteration 4220 New: [0, 0, 784, 0, 0, 0, 0, 0, 0, 0] diff:[0, 0, 1, 0, 0, 0, 0, 0, 0, 0]
Iteration 4230 New: [0, 0, 784, 0, 0, 0, 0, 0, 0, 0] diff:[0, 0, 1, 0, 0, 0, 0, 0, 0, 0]
Iteration 4240 New: [0, 0, 778, 0, 0, 0, 0, 0, 0, 0] diff:[0, 0, -1, 0, 0, 0, 0, 0, 0, 0]
Iteration 4250 New: [0, 0, 784, 0, 0, 0, 0, 0, 0, 0] diff:[0, 0, 1, 0, 0, 0, 0, 0, 0, 0]
Iteration 4260 New: [0, 0, 790, 0, 0, 0, 0, 0, 0, 0] diff:[0, 0, 1, 0, 0, 0, 0, 0, 0, 0]
Iteration 4270 New: [0, 0, 790, 0, 0, 0, 0, 0, 0, 0] diff:[0, 0, -1, 0, 0, 0, 0, 0, 0, 0]
Iteration 4280 New: [0, 0, 792, 0, 0, 0, 0, 0, 0, 0] diff:[0, 0, 1, 0, 0, 0, 0, 0, 0, 0]
Iteration 4290 New: [0, 0, 790, 0, 0, 0, 0, 0, 0, 0] diff:[0, 0, 1, 0, 0, 0, 0, 0, 0, 0]
Iteration 4300 New: [0, 0, 790, 0, 0, 0, 0, 0, 0, 0] diff:[0, 0, 1, 0, 0, 0, 0, 0, 0, 0]
Iteration 4310 New: [0, 0, 788, 0, 0, 0, 0, 0, 0, 0] diff:[0, 0, -1, 0, 0, 0, 0, 0, 0, 0]
Iteration 4320 New: [0, 0, 788, 0, 0, 0, 0, 0, 0, 0] diff:[0, 0, 1, 0, 0, 0, 0, 0, 0, 0]
Iteration 4330 New: [0, 0, 790, 0, 0, 0, 0, 0, 0, 0] diff:[0, 0, 1, 0, 0, 0, 0, 0, 0, 0]
Iteration 4340 New: [0, 0, 788, 0, 0, 0, 0, 0, 0, 0] diff:[0, 0, -1, 0, 0, 0, 0, 0, 0, 0]
Iteration 4350 New: [0, 0, 792, 0, 0, 0, 0, 0, 0, 0] diff:[0, 0, -1, 0, 0, 0, 0, 0, 0, 0]
Iteration 4360 New: [0, 0, 790, 0, 0, 0, 0, 0, 0, 0] diff:[0, 0, -1, 0, 0, 0, 0, 0, 0, 0]
Iteration 4370 New: [0, 0, 786, 0, 0, 0, 0, 0, 0, 0] diff:[0, 0, -1, 0, 0, 0, 0, 0, 0, 0]
Iteration 4380 New: [0, 0, 782, 0, 0, 0, 0, 0, 0, 0] diff:[0, 0, -1, 0, 0, 0, 0, 0, 0, 0]
Iteration 4390 New: [0, 0, 780, 0, 0, 0, 0, 0, 0, 0] diff:[0, 0, 1, 0, 0, 0, 0, 0, 0, 0]
Iteration 4400 New: [0, 0, 780, 0, 0, 0, 0, 0, 0, 0] diff:[0, 0, -1, 0, 0, 0, 0, 0, 0, 0]
Iteration 4410 New: [0, 0, 782, 0, 0, 0, 0, 0, 0, 0] diff:[0, 0, 1, 0, 0, 0, 0, 0, 0, 0]
Auto-stopped algorithm at 4412th iteration

A target 10000 more iterations took 2978625174 ns.
Total iterations 4412
Total algorithm runtime 10797593999 ns
  or 10797.593999 ms