football_tsevans.gt
Iteration 10 New: [0, 0, 103, 64, 58, 52, 6, 1, 2, 2] diff:[0, 0, 1, 0, 0, 0, 0, 0, 0, 0]
Iteration 20 New: [0, 0, 113, 64, 58, 52, 6, 1, 2, 2] diff:[0, 0, 1, 0, 0, 0, 0, 0, 0, 0]
Iteration 30 New: [0, 0, 117, 64, 58, 52, 6, 1, 2, 2] diff:[0, 0, 1, 0, 0, 0, 0, 0, 0, 0]
Iteration 40 New: [0, 0, 121, 64, 58, 52, 6, 1, 2, 2] diff:[0, 0, 1, 0, 0, 0, 0, 0, 0, 0]
Iteration 50 New: [0, 0, 127, 64, 58, 52, 6, 1, 2, 2] diff:[0, 0, 1, 0, 0, 0, 0, 0, 0, 0]
Iteration 60 New: [0, 0, 127, 64, 58, 52, 6, 1, 2, 2] diff:[0, 0, 1, 0, 0, 0, 0, 0, 0, 0]
Iteration 70 New: [0, 0, 130, 65, 58, 52, 6, 1, 2, 2] diff:[0, 0, 1, 0, 0, 0, 0, 0, 0, 0]
Iteration 80 New: [0, 0, 130, 65, 58, 52, 6, 1, 2, 2] diff:[0, 0, -1, 0, 0, 0, 0, 0, 0, 0]
Iteration 90 New: [0, 0, 136, 65, 58, 52, 6, 1, 2, 2] diff:[0, 0, 1, 0, 0, 0, 0, 0, 0, 0]
Iteration 100 New: [0, 0, 138, 65, 58, 52, 6, 1, 2, 2] diff:[0, 0, 1, 0, 0, 0, 0, 0, 0, 0]
Iteration 110 New: [0, 0, 138, 65, 58, 52, 6, 1, 2, 2] diff:[0, 0, 1, 0, 0, 0, 0, 0, 0, 0]
Iteration 120 New: [0, 0, 143, 66, 58, 52, 6, 1, 2, 2] diff:[0, 0, 1, 0, 0, 0, 0, 0, 0, 0]
Iteration 130 New: [0, 0, 143, 66, 58, 52, 6, 1, 2, 2] diff:[0, 0, 1, 0, 0, 0, 0, 0, 0, 0]
Iteration 140 New: [0, 0, 147, 66, 58, 52, 6, 1, 2, 2] diff:[0, 0, 1, 0, 0, 0, 0, 0, 0, 0]
Iteration 150 New: [0, 0, 141, 66, 58, 52, 6, 1, 2, 2] diff:[0, 0, -1, 0, 0, 0, 0, 0, 0, 0]
Iteration 160 New: [0, 0, 140, 65, 58, 52, 6, 1, 2, 2] diff:[0, 0, 1, 0, 0, 0, 0, 0, 0, 0]
Iteration 170 New: [0, 0, 146, 65, 58, 52, 6, 1, 2, 2] diff:[0, 0, -1, 0, 0, 0, 0, 0, 0, 0]
Iteration 180 New: [0, 0, 146, 65, 58, 52, 6, 1, 2, 2] diff:[0, 0, -1, 0, 0, 0, 0, 0, 0, 0]
Iteration 190 New: [0, 0, 154, 65, 58, 52, 6, 1, 2, 2] diff:[0, 0, 1, 0, 0, 0, 0, 0, 0, 0]
Iteration 200 New: [0, 0, 160, 65, 58, 52, 6, 1, 2, 2] diff:[0, 0, 1, 0, 0, 0, 0, 0, 0, 0]
Iteration 210 New: [0, 0, 163, 64, 58, 52, 6, 1, 2, 2] diff:[0, 0, 0, -1, 0, 0, 0, 0, 0, 0]
Iteration 220 New: [0, 0, 170, 64, 58, 52, 6, 1, 2, 1] diff:[0, 0, 1, 0, 0, 0, 0, 0, 0, 0]
Iteration 230 New: [0, 0, 175, 65, 58, 52, 6, 1, 2, 1] diff:[0, 0, 1, 0, 0, 0, 0, 0, 0, 0]
Iteration 240 New: [0, 0, 183, 65, 58, 52, 6, 1, 2, 1] diff:[0, 0, 1, 0, 0, 0, 0, 0, 0, 0]
Iteration 250 New: [0, 0, 188, 68, 58, 52, 6, 1, 2, 1] diff:[0, 0, 1, 0, 0, 0, 0, 0, 0, 0]
Iteration 260 New: [0, 0, 194, 68, 58, 52, 6, 1, 2, 1] diff:[0, 0, 1, 0, 0, 0, 0, 0, 0, 0]
Iteration 270 New: [0, 0, 196, 68, 58, 52, 6, 1, 2, 1] diff:[0, 0, -1, 0, 0, 0, 0, 0, 0, 0]
Iteration 280 New: [0, 0, 204, 68, 58, 52, 6, 1, 2, 1] diff:[0, 0, 1, 0, 0, 0, 0, 0, 0, 0]
Iteration 290 New: [0, 0, 204, 68, 58, 52, 6, 1, 2, 1] diff:[0, 0, -1, 0, 0, 0, 0, 0, 0, 0]
Iteration 300 New: [0, 0, 207, 67, 58, 52, 6, 1, 2, 1] diff:[0, 0, -1, 0, 0, 0, 0, 0, 0, 0]
Iteration 310 New: [0, 0, 212, 66, 58, 52, 6, 1, 2, 1] diff:[0, 0, 1, 0, 0, 0, 0, 0, 0, 0]
Iteration 320 New: [0, 0, 220, 66, 58, 52, 6, 1, 2, 1] diff:[0, 0, 1, 0, 0, 0, 0, 0, 0, 0]
Iteration 330 New: [0, 0, 225, 65, 58, 52, 6, 1, 2, 1] diff:[0, 0, -1, 0, 0, 0, 0, 0, 0, 0]
Iteration 340 New: [0, 0, 223, 65, 58, 52, 6, 1, 2, 1] diff:[0, 0, 1, 0, 0, 0, 0, 0, 0, 0]
Iteration 350 New: [0, 0, 225, 65, 58, 52, 6, 1, 2, 1] diff:[0, 0, 1, 0, 0, 0, 0, 0, 0, 0]
Iteration 360 New: [0, 0, 224, 66, 58, 52, 6, 1, 2, 1] diff:[0, 0, -1, 0, 0, 0, 0, 0, 0, 0]
Iteration 370 New: [0, 0, 228, 66, 58, 52, 6, 1, 2, 1] diff:[0, 0, 1, 0, 0, 0, 0, 0, 0, 0]
Iteration 380 New: [0, 0, 228, 66, 58, 52, 6, 1, 2, 1] diff:[0, 0, 1, 0, 0, 0, 0, 0, 0, 0]
Iteration 390 New: [0, 0, 235, 65, 58, 52, 6, 1, 2, 1] diff:[0, 0, 0, -1, 0, 0, 0, 0, 0, 0]
Iteration 400 New: [0, 0, 241, 65, 58, 52, 6, 1, 2, 1] diff:[0, 0, -1, 0, 0, 0, 0, 0, 0, 0]
Iteration 410 New: [0, 0, 245, 65, 58, 52, 6, 1, 2, 1] diff:[0, 0, 1, 0, 0, 0, 0, 0, 0, 0]
Iteration 420 New: [0, 0, 249, 65, 58, 52, 6, 1, 2, 1] diff:[0, 0, 1, 0, 0, 0, 0, 0, 0, 0]
Iteration 430 New: [0, 0, 252, 66, 58, 52, 6, 1, 2, 1] diff:[0, 0, 0, 1, 0, 0, 0, 0, 0, 0]
Iteration 440 New: [0, 0, 252, 66, 58, 52, 6, 1, 2, 1] diff:[0, 0, -1, 0, 0, 0, 0, 0, 0, 0]
Iteration 450 New: [0, 0, 252, 66, 58, 52, 6, 1, 2, 1] diff:[0, 0, 1, 0, 0, 0, 0, 0, 0, 0]
Iteration 460 New: [0, 0, 257, 67, 58, 52, 6, 1, 2, 1] diff:[0, 0, 1, 0, 0, 0, 0, 0, 0, 0]
Iteration 470 New: [0, 0, 256, 68, 58, 52, 6, 1, 2, 1] diff:[0, 0, 0, 1, 0, 0, 0, 0, 0, 0]
Iteration 480 New: [0, 0, 254, 68, 58, 52, 6, 1, 2, 1] diff:[0, 0, 1, 0, 0, 0, 0, 0, 0, 0]
Iteration 490 New: [0, 0, 259, 67, 58, 52, 6, 1, 2, 1] diff:[0, 0, 1, 0, 0, 0, 0, 0, 0, 0]
Iteration 500 New: [0, 0, 258, 66, 58, 52, 6, 1, 2, 1] diff:[0, 0, -1, 0, 0, 0, 0, 0, 0, 0]
Iteration 510 New: [0, 0, 253, 67, 58, 52, 6, 1, 2, 1] diff:[0, 0, -1, 0, 0, 0, 0, 0, 0, 0]
Iteration 520 New: [0, 0, 255, 67, 58, 52, 6, 1, 2, 1] diff:[0, 0, 1, 0, 0, 0, 0, 0, 0, 0]
Auto-stopped algorithm at 529th iteration

A target 10000 more iterations took 8019380167 ns.
Total iterations 529
Total algorithm runtime 8019380167 ns
  or 8019.380167 ms