lesmis.gt
Iteration 10 New: [0, 0, 31, 10, 11, 5, 2, 5, 2, 0, 2] diff:[0, 0, 1, 0, 0, 0, 0, 0, 0, 0, 0]
Iteration 20 New: [0, 0, 37, 10, 11, 5, 2, 5, 2, 0, 2] diff:[0, 0, 1, 0, 0, 0, 0, 0, 0, 0, 0]
Iteration 30 New: [0, 0, 41, 10, 11, 5, 2, 5, 2, 0, 2] diff:[0, 0, 1, 0, 0, 0, 0, 0, 0, 0, 0]
Iteration 40 New: [0, 0, 41, 10, 11, 5, 2, 5, 2, 0, 2] diff:[0, 0, -1, 0, 0, 0, 0, 0, 0, 0, 0]
Iteration 50 New: [0, 0, 41, 10, 11, 5, 2, 5, 2, 0, 2] diff:[0, 0, 1, 0, 0, 0, 0, 0, 0, 0, 0]
Iteration 60 New: [0, 0, 45, 10, 11, 5, 2, 5, 2, 0, 2] diff:[0, 0, -1, 0, 0, 0, 0, 0, 0, 0, 0]
Iteration 70 New: [0, 0, 47, 10, 11, 5, 2, 5, 2, 0, 2] diff:[0, 0, 1, 0, 0, 0, 0, 0, 0, 0, 0]
Iteration 80 New: [0, 0, 49, 10, 11, 5, 2, 5, 2, 0, 2] diff:[0, 0, 1, 0, 0, 0, 0, 0, 0, 0, 0]
Iteration 90 New: [0, 0, 53, 10, 11, 5, 2, 5, 2, 0, 2] diff:[0, 0, 1, 0, 0, 0, 0, 0, 0, 0, 0]
Iteration 100 New: [0, 0, 51, 10, 11, 5, 2, 5, 2, 0, 2] diff:[0, 0, 1, 0, 0, 0, 0, 0, 0, 0, 0]
Iteration 110 New: [0, 0, 51, 10, 11, 5, 2, 5, 2, 0, 2] diff:[0, 0, 1, 0, 0, 0, 0, 0, 0, 0, 0]
Iteration 120 New: [0, 0, 57, 10, 11, 5, 2, 5, 2, 0, 2] diff:[0, 0, 1, 0, 0, 0, 0, 0, 0, 0, 0]
Iteration 130 New: [0, 0, 57, 10, 11, 5, 2, 5, 2, 0, 2] diff:[0, 0, 1, 0, 0, 0, 0, 0, 0, 0, 0]
Iteration 140 New: [0, 0, 57, 10, 11, 5, 2, 5, 2, 0, 2] diff:[0, 0, -1, 0, 0, 0, 0, 0, 0, 0, 0]
Iteration 150 New: [0, 0, 57, 10, 11, 5, 2, 5, 2, 0, 2] diff:[0, 0, -1, 0, 0, 0, 0, 0, 0, 0, 0]
Iteration 160 New: [0, 0, 55, 10, 11, 5, 2, 5, 2, 0, 2] diff:[0, 0, -1, 0, 0, 0, 0, 0, 0, 0, 0]
Iteration 170 New: [0, 0, 55, 10, 11, 5, 2, 5, 2, 0, 2] diff:[0, 0, -1, 0, 0, 0, 0, 0, 0, 0, 0]
Iteration 180 New: [0, 0, 57, 10, 11, 5, 2, 5, 2, 0, 2] diff:[0, 0, 1, 0, 0, 0, 0, 0, 0, 0, 0]
Iteration 190 New: [0, 0, 54, 11, 11, 5, 2, 5, 2, 0, 2] diff:[0, 0, 1, 0, 0, 0, 0, 0, 0, 0, 0]
Iteration 200 New: [0, 0, 54, 11, 11, 5, 2, 5, 2, 0, 2] diff:[0, 0, -1, 0, 0, 0, 0, 0, 0, 0, 0]
Auto-stopped algorithm at 201th iteration

A target 10000 more iterations took 3292147631 ns.
Total iterations 201
Total algorithm runtime 3292147631 ns
  or 3292.147631 ms