lesmis.gt
Iteration 10 New: [0, 0, 31, 10, 11, 5, 2, 5, 2, 0, 2] diff:[0, 0, 1, 0, 0, 0, 0, 0, 0, 0, 0]
Iteration 20 New: [0, 0, 37, 10, 11, 5, 2, 5, 2, 0, 2] diff:[0, 0, 1, 0, 0, 0, 0, 0, 0, 0, 0]
Iteration 30 New: [0, 0, 41, 10, 11, 5, 2, 5, 2, 0, 2] diff:[0, 0, 1, 0, 0, 0, 0, 0, 0, 0, 0]
Iteration 40 New: [0, 0, 41, 10, 11, 5, 2, 5, 2, 0, 2] diff:[0, 0, -1, 0, 0, 0, 0, 0, 0, 0, 0]
Iteration 50 New: [0, 0, 41, 10, 11, 5, 2, 5, 2, 0, 2] diff:[0, 0, 1, 0, 0, 0, 0, 0, 0, 0, 0]
Iteration 60 New: [0, 0, 45, 10, 11, 5, 2, 5, 2, 0, 2] diff:[0, 0, -1, 0, 0, 0, 0, 0, 0, 0, 0]
Iteration 70 New: [0, 0, 47, 10, 11, 5, 2, 5, 2, 0, 2] diff:[0, 0, 1, 0, 0, 0, 0, 0, 0, 0, 0]
Iteration 80 New: [0, 0, 49, 10, 11, 5, 2, 5, 2, 0, 2] diff:[0, 0, 1, 0, 0, 0, 0, 0, 0, 0, 0]
Iteration 90 New: [0, 0, 53, 10, 11, 5, 2, 5, 2, 0, 2] diff:[0, 0, 1, 0, 0, 0, 0, 0, 0, 0, 0]
Iteration 100 New: [0, 0, 51, 10, 11, 5, 2, 5, 2, 0, 2] diff:[0, 0, 1, 0, 0, 0, 0, 0, 0, 0, 0]
Iteration 110 New: [0, 0, 51, 10, 11, 5, 2, 5, 2, 0, 2] diff:[0, 0, 1, 0, 0, 0, 0, 0, 0, 0, 0]
Iteration 120 New: [0, 0, 57, 10, 11, 5, 2, 5, 2, 0, 2] diff:[0, 0, 1, 0, 0, 0, 0, 0, 0, 0, 0]
Iteration 130 New: [0, 0, 57, 10, 11, 5, 2, 5, 2, 0, 2] diff:[0, 0, 1, 0, 0, 0, 0, 0, 0, 0, 0]
Iteration 140 New: [0, 0, 57, 10, 11, 5, 2, 5, 2, 0, 2] diff:[0, 0, -1, 0, 0, 0, 0, 0, 0, 0, 0]
Iteration 150 New: [0, 0, 57, 10, 11, 5, 2, 5, 2, 0, 2] diff:[0, 0, -1, 0, 0, 0, 0, 0, 0, 0, 0]
Iteration 160 New: [0, 0, 55, 10, 11, 5, 2, 5, 2, 0, 2] diff:[0, 0, -1, 0, 0, 0, 0, 0, 0, 0, 0]
Iteration 170 New: [0, 0, 55, 10, 11, 5, 2, 5, 2, 0, 2] diff:[0, 0, -1, 0, 0, 0, 0, 0, 0, 0, 0]
Iteration 180 New: [0, 0, 57, 10, 11, 5, 2, 5, 2, 0, 2] diff:[0, 0, 1, 0, 0, 0, 0, 0, 0, 0, 0]
Iteration 190 New: [0, 0, 54, 11, 11, 5, 2, 5, 2, 0, 2] diff:[0, 0, 1, 0, 0, 0, 0, 0, 0, 0, 0]
Iteration 200 New: [0, 0, 54, 11, 11, 5, 2, 5, 2, 0, 2] diff:[0, 0, -1, 0, 0, 0, 0, 0, 0, 0, 0]
Auto-stopped algorithm at 201th iteration

A target 10000 more iterations took 3292147631 ns.
Iteration 210 New: [0, 0, 46, 11, 11, 5, 2, 5, 2, 0, 2] diff:[0, 0, -1, 0, 0, 0, 0, 0, 0, 0, 0]
Iteration 220 New: [0, 0, 48, 11, 11, 5, 2, 5, 2, 0, 2] diff:[0, 0, -1, 0, 0, 0, 0, 0, 0, 0, 0]
Iteration 230 New: [0, 0, 50, 11, 11, 5, 2, 5, 2, 0, 2] diff:[0, 0, -1, 0, 0, 0, 0, 0, 0, 0, 0]
Iteration 240 New: [0, 0, 52, 11, 11, 5, 2, 5, 2, 0, 2] diff:[0, 0, -1, 0, 0, 0, 0, 0, 0, 0, 0]
Iteration 250 New: [0, 0, 56, 11, 11, 5, 2, 5, 2, 0, 2] diff:[0, 0, 1, 0, 0, 0, 0, 0, 0, 0, 0]
Iteration 260 New: [0, 0, 52, 11, 11, 5, 2, 5, 2, 0, 2] diff:[0, 0, -1, 0, 0, 0, 0, 0, 0, 0, 0]
Iteration 270 New: [0, 0, 54, 11, 11, 5, 2, 5, 2, 0, 2] diff:[0, 0, -1, 0, 0, 0, 0, 0, 0, 0, 0]
Iteration 280 New: [0, 0, 58, 11, 11, 5, 2, 5, 2, 0, 2] diff:[0, 0, 1, 0, 0, 0, 0, 0, 0, 0, 0]
Iteration 290 New: [0, 0, 56, 11, 11, 5, 2, 5, 2, 0, 2] diff:[0, 0, 1, 0, 0, 0, 0, 0, 0, 0, 0]
Iteration 300 New: [0, 0, 54, 11, 11, 5, 2, 5, 2, 0, 2] diff:[0, 0, -1, 0, 0, 0, 0, 0, 0, 0, 0]
Iteration 310 New: [0, 0, 59, 10, 11, 5, 2, 5, 2, 0, 2] diff:[0, 0, 1, 0, 0, 0, 0, 0, 0, 0, 0]
Iteration 320 New: [0, 0, 62, 11, 11, 5, 2, 5, 2, 0, 2] diff:[0, 0, 1, 0, 0, 0, 0, 0, 0, 0, 0]
Iteration 330 New: [0, 0, 66, 11, 11, 5, 2, 5, 2, 0, 2] diff:[0, 0, 1, 0, 0, 0, 0, 0, 0, 0, 0]
Iteration 340 New: [0, 0, 66, 11, 11, 5, 2, 5, 2, 0, 2] diff:[0, 0, 1, 0, 0, 0, 0, 0, 0, 0, 0]
Iteration 350 New: [0, 0, 60, 11, 11, 5, 2, 5, 2, 0, 2] diff:[0, 0, -1, 0, 0, 0, 0, 0, 0, 0, 0]
Iteration 360 New: [0, 0, 64, 11, 11, 5, 2, 5, 2, 0, 2] diff:[0, 0, 1, 0, 0, 0, 0, 0, 0, 0, 0]
Iteration 370 New: [0, 0, 62, 11, 11, 5, 2, 5, 2, 0, 2] diff:[0, 0, -1, 0, 0, 0, 0, 0, 0, 0, 0]
Iteration 380 New: [0, 0, 62, 11, 11, 5, 2, 5, 2, 0, 2] diff:[0, 0, -1, 0, 0, 0, 0, 0, 0, 0, 0]
Iteration 390 New: [0, 0, 60, 11, 11, 5, 2, 5, 2, 0, 2] diff:[0, 0, -1, 0, 0, 0, 0, 0, 0, 0, 0]
Iteration 400 New: [0, 0, 64, 11, 11, 5, 2, 5, 2, 0, 2] diff:[0, 0, 1, 0, 0, 0, 0, 0, 0, 0, 0]
Iteration 410 New: [0, 0, 62, 11, 11, 5, 2, 5, 2, 0, 2] diff:[0, 0, 1, 0, 0, 0, 0, 0, 0, 0, 0]
Iteration 420 New: [0, 0, 62, 11, 11, 5, 2, 5, 2, 0, 2] diff:[0, 0, -1, 0, 0, 0, 0, 0, 0, 0, 0]
Iteration 430 New: [0, 0, 63, 10, 11, 5, 2, 5, 2, 0, 2] diff:[0, 0, 1, 0, 0, 0, 0, 0, 0, 0, 0]
Iteration 440 New: [0, 0, 58, 11, 11, 5, 2, 5, 2, 0, 2] diff:[0, 0, 1, 0, 0, 0, 0, 0, 0, 0, 0]
Iteration 450 New: [0, 0, 62, 11, 11, 5, 2, 5, 2, 0, 2] diff:[0, 0, 1, 0, 0, 0, 0, 0, 0, 0, 0]
Iteration 460 New: [0, 0, 62, 11, 11, 5, 2, 5, 2, 0, 2] diff:[0, 0, -1, 0, 0, 0, 0, 0, 0, 0, 0]
Iteration 470 New: [0, 0, 68, 11, 11, 5, 2, 5, 2, 0, 2] diff:[0, 0, 1, 0, 0, 0, 0, 0, 0, 0, 0]
Iteration 480 New: [0, 0, 70, 11, 11, 5, 2, 5, 2, 0, 2] diff:[0, 0, -1, 0, 0, 0, 0, 0, 0, 0, 0]
Iteration 490 New: [0, 0, 62, 11, 11, 5, 2, 5, 2, 0, 2] diff:[0, 0, -1, 0, 0, 0, 0, 0, 0, 0, 0]
Iteration 500 New: [0, 0, 67, 11, 11, 5, 2, 5, 2, 0, 1] diff:[0, 0, 1, 0, 0, 0, 0, 0, 0, 0, 0]
Iteration 510 New: [0, 0, 73, 11, 11, 5, 2, 5, 2, 0, 1] diff:[0, 0, 1, 0, 0, 0, 0, 0, 0, 0, 0]
Iteration 520 New: [0, 0, 79, 11, 11, 5, 2, 5, 2, 0, 1] diff:[0, 0, -1, 0, 0, 0, 0, 0, 0, 0, 0]
Iteration 530 New: [0, 0, 81, 11, 11, 5, 2, 5, 2, 0, 1] diff:[0, 0, 1, 0, 0, 0, 0, 0, 0, 0, 0]
Iteration 540 New: [0, 0, 77, 11, 11, 5, 2, 5, 2, 0, 1] diff:[0, 0, -1, 0, 0, 0, 0, 0, 0, 0, 0]
Iteration 550 New: [0, 0, 79, 11, 11, 5, 2, 5, 2, 0, 1] diff:[0, 0, 1, 0, 0, 0, 0, 0, 0, 0, 0]
Iteration 560 New: [0, 0, 85, 11, 11, 5, 2, 5, 2, 0, 1] diff:[0, 0, 1, 0, 0, 0, 0, 0, 0, 0, 0]
Iteration 570 New: [0, 0, 81, 11, 11, 5, 2, 5, 2, 0, 1] diff:[0, 0, 1, 0, 0, 0, 0, 0, 0, 0, 0]
Iteration 580 New: [0, 0, 79, 11, 11, 5, 2, 5, 2, 0, 1] diff:[0, 0, -1, 0, 0, 0, 0, 0, 0, 0, 0]
Iteration 590 New: [0, 0, 83, 11, 11, 5, 2, 5, 2, 0, 1] diff:[0, 0, 1, 0, 0, 0, 0, 0, 0, 0, 0]
Iteration 600 New: [0, 0, 85, 11, 11, 5, 2, 5, 2, 0, 1] diff:[0, 0, -1, 0, 0, 0, 0, 0, 0, 0, 0]
Iteration 610 New: [0, 0, 81, 11, 11, 5, 2, 5, 2, 0, 1] diff:[0, 0, -1, 0, 0, 0, 0, 0, 0, 0, 0]
Iteration 620 New: [0, 0, 83, 11, 11, 5, 2, 5, 2, 0, 1] diff:[0, 0, 1, 0, 0, 0, 0, 0, 0, 0, 0]
Iteration 630 New: [0, 0, 83, 11, 11, 5, 2, 5, 2, 0, 1] diff:[0, 0, -1, 0, 0, 0, 0, 0, 0, 0, 0]
Iteration 640 New: [0, 0, 81, 11, 11, 5, 2, 5, 2, 0, 1] diff:[0, 0, -1, 0, 0, 0, 0, 0, 0, 0, 0]
Iteration 650 New: [0, 0, 81, 11, 11, 5, 2, 5, 2, 0, 1] diff:[0, 0, -1, 0, 0, 0, 0, 0, 0, 0, 0]
Iteration 660 New: [0, 0, 81, 11, 11, 5, 2, 5, 2, 0, 1] diff:[0, 0, -1, 0, 0, 0, 0, 0, 0, 0, 0]
Iteration 670 New: [0, 0, 87, 11, 11, 5, 2, 5, 2, 0, 1] diff:[0, 0, 1, 0, 0, 0, 0, 0, 0, 0, 0]
Iteration 680 New: [0, 0, 89, 11, 11, 5, 2, 5, 2, 0, 1] diff:[0, 0, -1, 0, 0, 0, 0, 0, 0, 0, 0]
Iteration 690 New: [0, 0, 85, 11, 11, 5, 2, 5, 2, 0, 1] diff:[0, 0, 1, 0, 0, 0, 0, 0, 0, 0, 0]
Iteration 700 New: [0, 0, 85, 11, 11, 5, 2, 5, 2, 0, 1] diff:[0, 0, -1, 0, 0, 0, 0, 0, 0, 0, 0]
Iteration 710 New: [0, 0, 85, 11, 11, 5, 2, 5, 2, 0, 1] diff:[0, 0, -1, 0, 0, 0, 0, 0, 0, 0, 0]
Iteration 720 New: [0, 0, 83, 11, 11, 5, 2, 5, 2, 0, 1] diff:[0, 0, -1, 0, 0, 0, 0, 0, 0, 0, 0]
Iteration 730 New: [0, 0, 87, 11, 11, 5, 2, 5, 2, 0, 1] diff:[0, 0, -1, 0, 0, 0, 0, 0, 0, 0, 0]
Iteration 740 New: [0, 0, 87, 11, 11, 5, 2, 5, 2, 0, 1] diff:[0, 0, -1, 0, 0, 0, 0, 0, 0, 0, 0]
Iteration 750 New: [0, 0, 87, 11, 11, 5, 2, 5, 2, 0, 1] diff:[0, 0, 1, 0, 0, 0, 0, 0, 0, 0, 0]
Iteration 760 New: [0, 0, 87, 11, 11, 5, 2, 5, 2, 0, 1] diff:[0, 0, 1, 0, 0, 0, 0, 0, 0, 0, 0]
Iteration 770 New: [0, 0, 91, 11, 11, 5, 2, 5, 2, 0, 1] diff:[0, 0, 1, 0, 0, 0, 0, 0, 0, 0, 0]
Iteration 780 New: [0, 0, 85, 11, 11, 5, 2, 5, 2, 0, 1] diff:[0, 0, -1, 0, 0, 0, 0, 0, 0, 0, 0]
Iteration 790 New: [0, 0, 91, 11, 11, 5, 2, 5, 2, 0, 1] diff:[0, 0, 1, 0, 0, 0, 0, 0, 0, 0, 0]
Iteration 800 New: [0, 0, 91, 11, 11, 5, 2, 5, 2, 0, 1] diff:[0, 0, -1, 0, 0, 0, 0, 0, 0, 0, 0]
Iteration 810 New: [0, 0, 89, 11, 11, 5, 2, 5, 2, 0, 1] diff:[0, 0, -1, 0, 0, 0, 0, 0, 0, 0, 0]
Iteration 820 New: [0, 0, 87, 11, 11, 5, 2, 5, 2, 0, 1] diff:[0, 0, 1, 0, 0, 0, 0, 0, 0, 0, 0]
Iteration 830 New: [0, 0, 83, 11, 11, 5, 2, 5, 2, 0, 1] diff:[0, 0, -1, 0, 0, 0, 0, 0, 0, 0, 0]
Iteration 840 New: [0, 0, 89, 11, 11, 5, 2, 5, 2, 0, 1] diff:[0, 0, -1, 0, 0, 0, 0, 0, 0, 0, 0]
Iteration 850 New: [0, 0, 91, 11, 11, 5, 2, 5, 2, 0, 1] diff:[0, 0, 1, 0, 0, 0, 0, 0, 0, 0, 0]
Iteration 860 New: [0, 0, 93, 11, 11, 5, 2, 5, 2, 0, 1] diff:[0, 0, 1, 0, 0, 0, 0, 0, 0, 0, 0]
Iteration 870 New: [0, 0, 91, 11, 11, 5, 2, 5, 2, 0, 1] diff:[0, 0, -1, 0, 0, 0, 0, 0, 0, 0, 0]
Iteration 880 New: [0, 0, 89, 11, 11, 5, 2, 5, 2, 0, 1] diff:[0, 0, 1, 0, 0, 0, 0, 0, 0, 0, 0]
Iteration 890 New: [0, 0, 91, 11, 11, 5, 2, 5, 2, 0, 1] diff:[0, 0, 1, 0, 0, 0, 0, 0, 0, 0, 0]
Iteration 900 New: [0, 0, 89, 11, 11, 5, 2, 5, 2, 0, 1] diff:[0, 0, -1, 0, 0, 0, 0, 0, 0, 0, 0]
Iteration 910 New: [0, 0, 89, 11, 11, 5, 2, 5, 2, 0, 1] diff:[0, 0, 1, 0, 0, 0, 0, 0, 0, 0, 0]
Iteration 920 New: [0, 0, 87, 11, 11, 5, 2, 5, 2, 0, 1] diff:[0, 0, 1, 0, 0, 0, 0, 0, 0, 0, 0]
Iteration 930 New: [0, 0, 89, 11, 11, 5, 2, 5, 2, 0, 1] diff:[0, 0, -1, 0, 0, 0, 0, 0, 0, 0, 0]
Iteration 940 New: [0, 0, 91, 11, 11, 5, 2, 5, 2, 0, 1] diff:[0, 0, 1, 0, 0, 0, 0, 0, 0, 0, 0]
Iteration 950 New: [0, 0, 91, 11, 11, 5, 2, 5, 2, 0, 1] diff:[0, 0, 1, 0, 0, 0, 0, 0, 0, 0, 0]
Iteration 960 New: [0, 0, 85, 11, 11, 5, 2, 5, 2, 0, 1] diff:[0, 0, 1, 0, 0, 0, 0, 0, 0, 0, 0]
Iteration 970 New: [0, 0, 87, 11, 11, 5, 2, 5, 2, 0, 1] diff:[0, 0, -1, 0, 0, 0, 0, 0, 0, 0, 0]
Iteration 980 New: [0, 0, 85, 11, 11, 5, 2, 5, 2, 0, 1] diff:[0, 0, -1, 0, 0, 0, 0, 0, 0, 0, 0]
Iteration 990 New: [0, 0, 81, 11, 11, 5, 2, 5, 2, 0, 1] diff:[0, 0, -1, 0, 0, 0, 0, 0, 0, 0, 0]
Iteration 1000 New: [0, 0, 85, 11, 11, 5, 2, 5, 2, 0, 1] diff:[0, 0, 1, 0, 0, 0, 0, 0, 0, 0, 0]
Iteration 1010 New: [0, 0, 89, 11, 11, 5, 2, 5, 2, 0, 1] diff:[0, 0, 1, 0, 0, 0, 0, 0, 0, 0, 0]
Iteration 1020 New: [0, 0, 87, 11, 11, 5, 2, 5, 2, 0, 1] diff:[0, 0, 1, 0, 0, 0, 0, 0, 0, 0, 0]
Iteration 1030 New: [0, 0, 87, 11, 11, 5, 2, 5, 2, 0, 1] diff:[0, 0, 1, 0, 0, 0, 0, 0, 0, 0, 0]
Iteration 1040 New: [0, 0, 87, 11, 11, 5, 2, 5, 2, 0, 1] diff:[0, 0, 1, 0, 0, 0, 0, 0, 0, 0, 0]
Iteration 1050 New: [0, 0, 90, 12, 11, 5, 2, 5, 2, 0, 1] diff:[0, 0, 1, 0, 0, 0, 0, 0, 0, 0, 0]
Iteration 1060 New: [0, 0, 92, 12, 11, 5, 2, 5, 2, 0, 1] diff:[0, 0, 1, 0, 0, 0, 0, 0, 0, 0, 0]
Iteration 1070 New: [0, 0, 92, 12, 11, 5, 2, 5, 2, 0, 1] diff:[0, 0, -1, 0, 0, 0, 0, 0, 0, 0, 0]
Iteration 1080 New: [0, 0, 92, 12, 11, 5, 2, 5, 2, 0, 1] diff:[0, 0, -1, 0, 0, 0, 0, 0, 0, 0, 0]
Iteration 1090 New: [0, 0, 88, 12, 11, 5, 2, 5, 2, 0, 1] diff:[0, 0, 1, 0, 0, 0, 0, 0, 0, 0, 0]
Iteration 1100 New: [0, 0, 88, 12, 11, 5, 2, 5, 2, 0, 1] diff:[0, 0, 1, 0, 0, 0, 0, 0, 0, 0, 0]
Iteration 1110 New: [0, 0, 88, 12, 11, 5, 2, 5, 2, 0, 1] diff:[0, 0, 1, 0, 0, 0, 0, 0, 0, 0, 0]
Iteration 1120 New: [0, 0, 86, 12, 11, 5, 2, 5, 2, 0, 1] diff:[0, 0, 1, 0, 0, 0, 0, 0, 0, 0, 0]
Iteration 1130 New: [0, 0, 84, 12, 11, 5, 2, 5, 2, 0, 1] diff:[0, 0, -1, 0, 0, 0, 0, 0, 0, 0, 0]
Iteration 1140 New: [0, 0, 82, 12, 11, 5, 2, 5, 2, 0, 1] diff:[0, 0, 1, 0, 0, 0, 0, 0, 0, 0, 0]
Iteration 1150 New: [0, 0, 88, 12, 11, 5, 2, 5, 2, 0, 1] diff:[0, 0, 1, 0, 0, 0, 0, 0, 0, 0, 0]
Iteration 1160 New: [0, 0, 90, 12, 11, 5, 2, 5, 2, 0, 1] diff:[0, 0, 1, 0, 0, 0, 0, 0, 0, 0, 0]
Iteration 1170 New: [0, 0, 90, 12, 11, 5, 2, 5, 2, 0, 1] diff:[0, 0, 1, 0, 0, 0, 0, 0, 0, 0, 0]
Iteration 1180 New: [0, 0, 86, 12, 11, 5, 2, 5, 2, 0, 1] diff:[0, 0, -1, 0, 0, 0, 0, 0, 0, 0, 0]
Iteration 1190 New: [0, 0, 86, 12, 11, 5, 2, 5, 2, 0, 1] diff:[0, 0, 1, 0, 0, 0, 0, 0, 0, 0, 0]
Iteration 1200 New: [0, 0, 84, 12, 11, 5, 2, 5, 2, 0, 1] diff:[0, 0, -1, 0, 0, 0, 0, 0, 0, 0, 0]
Iteration 1210 New: [0, 0, 86, 12, 11, 5, 2, 5, 2, 0, 1] diff:[0, 0, 1, 0, 0, 0, 0, 0, 0, 0, 0]
Iteration 1220 New: [0, 0, 88, 12, 11, 5, 2, 5, 2, 0, 1] diff:[0, 0, 1, 0, 0, 0, 0, 0, 0, 0, 0]
Iteration 1230 New: [0, 0, 84, 12, 11, 5, 2, 5, 2, 0, 1] diff:[0, 0, -1, 0, 0, 0, 0, 0, 0, 0, 0]
Iteration 1240 New: [0, 0, 84, 12, 11, 5, 2, 5, 2, 0, 1] diff:[0, 0, 1, 0, 0, 0, 0, 0, 0, 0, 0]
Iteration 1250 New: [0, 0, 82, 12, 11, 5, 2, 5, 2, 0, 1] diff:[0, 0, -1, 0, 0, 0, 0, 0, 0, 0, 0]
Iteration 1260 New: [0, 0, 88, 12, 11, 5, 2, 5, 2, 0, 1] diff:[0, 0, 1, 0, 0, 0, 0, 0, 0, 0, 0]
Iteration 1270 New: [0, 0, 86, 12, 11, 5, 2, 5, 2, 0, 1] diff:[0, 0, -1, 0, 0, 0, 0, 0, 0, 0, 0]
Iteration 1280 New: [0, 0, 88, 12, 11, 5, 2, 5, 2, 0, 1] diff:[0, 0, 1, 0, 0, 0, 0, 0, 0, 0, 0]
Iteration 1290 New: [0, 0, 87, 11, 11, 5, 2, 5, 2, 0, 1] diff:[0, 0, 1, 0, 0, 0, 0, 0, 0, 0, 0]
Iteration 1300 New: [0, 0, 93, 11, 11, 5, 2, 5, 2, 0, 1] diff:[0, 0, -1, 0, 0, 0, 0, 0, 0, 0, 0]
Iteration 1310 New: [0, 0, 91, 11, 11, 5, 2, 5, 2, 0, 1] diff:[0, 0, -1, 0, 0, 0, 0, 0, 0, 0, 0]
Iteration 1320 New: [0, 0, 93, 11, 11, 5, 2, 5, 2, 0, 1] diff:[0, 0, 1, 0, 0, 0, 0, 0, 0, 0, 0]
Iteration 1330 New: [0, 0, 94, 12, 11, 5, 2, 5, 2, 0, 1] diff:[0, 0, 1, 0, 0, 0, 0, 0, 0, 0, 0]
Iteration 1340 New: [0, 0, 94, 12, 11, 5, 2, 5, 2, 0, 1] diff:[0, 0, 1, 0, 0, 0, 0, 0, 0, 0, 0]
Iteration 1350 New: [0, 0, 94, 12, 11, 5, 2, 5, 2, 0, 1] diff:[0, 0, 1, 0, 0, 0, 0, 0, 0, 0, 0]
Iteration 1360 New: [0, 0, 95, 11, 11, 5, 2, 5, 2, 0, 1] diff:[0, 0, -1, 0, 0, 0, 0, 0, 0, 0, 0]
Iteration 1370 New: [0, 0, 97, 11, 11, 5, 2, 5, 2, 0, 1] diff:[0, 0, 1, 0, 0, 0, 0, 0, 0, 0, 0]
Iteration 1380 New: [0, 0, 93, 11, 11, 5, 2, 5, 2, 0, 1] diff:[0, 0, 1, 0, 0, 0, 0, 0, 0, 0, 0]
Iteration 1390 New: [0, 0, 95, 11, 11, 5, 2, 5, 2, 0, 1] diff:[0, 0, 1, 0, 0, 0, 0, 0, 0, 0, 0]
Iteration 1400 New: [0, 0, 93, 11, 11, 5, 2, 5, 2, 0, 1] diff:[0, 0, -1, 0, 0, 0, 0, 0, 0, 0, 0]
Iteration 1410 New: [0, 0, 95, 11, 11, 5, 2, 5, 2, 0, 1] diff:[0, 0, 1, 0, 0, 0, 0, 0, 0, 0, 0]
Iteration 1420 New: [0, 0, 93, 11, 11, 5, 2, 5, 2, 0, 1] diff:[0, 0, -1, 0, 0, 0, 0, 0, 0, 0, 0]
Iteration 1430 New: [0, 0, 93, 11, 11, 5, 2, 5, 2, 0, 1] diff:[0, 0, 1, 0, 0, 0, 0, 0, 0, 0, 0]
Iteration 1440 New: [0, 0, 91, 11, 11, 5, 2, 5, 2, 0, 1] diff:[0, 0, -1, 0, 0, 0, 0, 0, 0, 0, 0]
Iteration 1450 New: [0, 0, 89, 11, 11, 5, 2, 5, 2, 0, 1] diff:[0, 0, -1, 0, 0, 0, 0, 0, 0, 0, 0]
Iteration 1460 New: [0, 0, 95, 11, 11, 5, 2, 5, 2, 0, 1] diff:[0, 0, 1, 0, 0, 0, 0, 0, 0, 0, 0]
Iteration 1470 New: [0, 0, 95, 11, 11, 5, 2, 5, 2, 0, 1] diff:[0, 0, 1, 0, 0, 0, 0, 0, 0, 0, 0]
Iteration 1480 New: [0, 0, 95, 11, 11, 5, 2, 5, 2, 0, 1] diff:[0, 0, 1, 0, 0, 0, 0, 0, 0, 0, 0]
Iteration 1490 New: [0, 0, 87, 11, 11, 5, 2, 5, 2, 0, 1] diff:[0, 0, 1, 0, 0, 0, 0, 0, 0, 0, 0]
Iteration 1500 New: [0, 0, 83, 11, 11, 5, 2, 5, 2, 0, 1] diff:[0, 0, -1, 0, 0, 0, 0, 0, 0, 0, 0]
Iteration 1510 New: [0, 0, 81, 11, 11, 5, 2, 5, 2, 0, 1] diff:[0, 0, -1, 0, 0, 0, 0, 0, 0, 0, 0]
Iteration 1520 New: [0, 0, 87, 11, 11, 5, 2, 5, 2, 0, 1] diff:[0, 0, -1, 0, 0, 0, 0, 0, 0, 0, 0]
Iteration 1530 New: [0, 0, 89, 11, 11, 5, 2, 5, 2, 0, 1] diff:[0, 0, -1, 0, 0, 0, 0, 0, 0, 0, 0]
Iteration 1540 New: [0, 0, 91, 11, 11, 5, 2, 5, 2, 0, 1] diff:[0, 0, 1, 0, 0, 0, 0, 0, 0, 0, 0]
Iteration 1550 New: [0, 0, 95, 11, 11, 5, 2, 5, 2, 0, 1] diff:[0, 0, -1, 0, 0, 0, 0, 0, 0, 0, 0]
Iteration 1560 New: [0, 0, 93, 11, 11, 5, 2, 5, 2, 0, 1] diff:[0, 0, -1, 0, 0, 0, 0, 0, 0, 0, 0]
Iteration 1570 New: [0, 0, 94, 12, 11, 5, 2, 5, 2, 0, 1] diff:[0, 0, 1, 0, 0, 0, 0, 0, 0, 0, 0]
Iteration 1580 New: [0, 0, 96, 12, 11, 5, 2, 5, 2, 0, 1] diff:[0, 0, -1, 0, 0, 0, 0, 0, 0, 0, 0]
Iteration 1590 New: [0, 0, 90, 12, 11, 5, 2, 5, 2, 0, 1] diff:[0, 0, -1, 0, 0, 0, 0, 0, 0, 0, 0]
Iteration 1600 New: [0, 0, 94, 12, 11, 5, 2, 5, 2, 0, 1] diff:[0, 0, 1, 0, 0, 0, 0, 0, 0, 0, 0]
Iteration 1610 New: [0, 0, 92, 12, 11, 5, 2, 5, 2, 0, 1] diff:[0, 0, -1, 0, 0, 0, 0, 0, 0, 0, 0]
Iteration 1620 New: [0, 0, 88, 12, 11, 5, 2, 5, 2, 0, 1] diff:[0, 0, 1, 0, 0, 0, 0, 0, 0, 0, 0]
Iteration 1630 New: [0, 0, 84, 12, 11, 5, 2, 5, 2, 0, 1] diff:[0, 0, -1, 0, 0, 0, 0, 0, 0, 0, 0]
Iteration 1640 New: [0, 0, 84, 12, 11, 5, 2, 5, 2, 0, 1] diff:[0, 0, -1, 0, 0, 0, 0, 0, 0, 0, 0]
Iteration 1650 New: [0, 0, 83, 13, 11, 5, 2, 5, 2, 0, 1] diff:[0, 0, -1, 0, 0, 0, 0, 0, 0, 0, 0]
Iteration 1660 New: [0, 0, 83, 13, 11, 5, 2, 5, 2, 0, 1] diff:[0, 0, -1, 0, 0, 0, 0, 0, 0, 0, 0]
Iteration 1670 New: [0, 0, 86, 12, 11, 5, 2, 5, 2, 0, 1] diff:[0, 0, 0, -1, 0, 0, 0, 0, 0, 0, 0]
Iteration 1680 New: [0, 0, 82, 12, 11, 5, 2, 5, 2, 0, 1] diff:[0, 0, -1, 0, 0, 0, 0, 0, 0, 0, 0]
Iteration 1690 New: [0, 0, 88, 12, 11, 5, 2, 5, 2, 0, 1] diff:[0, 0, 1, 0, 0, 0, 0, 0, 0, 0, 0]
Iteration 1700 New: [0, 0, 94, 12, 11, 5, 2, 5, 2, 0, 1] diff:[0, 0, 1, 0, 0, 0, 0, 0, 0, 0, 0]
Iteration 1710 New: [0, 0, 92, 12, 11, 5, 2, 5, 2, 0, 1] diff:[0, 0, -1, 0, 0, 0, 0, 0, 0, 0, 0]
Iteration 1720 New: [0, 0, 91, 13, 11, 5, 2, 5, 2, 0, 1] diff:[0, 0, -1, 0, 0, 0, 0, 0, 0, 0, 0]
Iteration 1730 New: [0, 0, 93, 13, 11, 5, 2, 5, 2, 0, 1] diff:[0, 0, -1, 0, 0, 0, 0, 0, 0, 0, 0]
Iteration 1740 New: [0, 0, 91, 13, 11, 5, 2, 5, 2, 0, 1] diff:[0, 0, 1, 0, 0, 0, 0, 0, 0, 0, 0]
Iteration 1750 New: [0, 0, 87, 13, 11, 5, 2, 5, 2, 0, 1] diff:[0, 0, -1, 0, 0, 0, 0, 0, 0, 0, 0]
Iteration 1760 New: [0, 0, 90, 14, 11, 5, 2, 5, 2, 0, 1] diff:[0, 0, 1, 0, 0, 0, 0, 0, 0, 0, 0]
Iteration 1770 New: [0, 0, 90, 14, 11, 5, 2, 5, 2, 0, 1] diff:[0, 0, 1, 0, 0, 0, 0, 0, 0, 0, 0]
Iteration 1780 New: [0, 0, 91, 15, 11, 5, 2, 5, 2, 0, 1] diff:[0, 0, 1, 0, 0, 0, 0, 0, 0, 0, 0]
Iteration 1790 New: [0, 0, 91, 15, 11, 5, 2, 5, 2, 0, 1] diff:[0, 0, -1, 0, 0, 0, 0, 0, 0, 0, 0]
Iteration 1800 New: [0, 0, 85, 15, 11, 5, 2, 5, 2, 0, 1] diff:[0, 0, -1, 0, 0, 0, 0, 0, 0, 0, 0]
Iteration 1810 New: [0, 0, 88, 16, 11, 5, 2, 5, 2, 0, 1] diff:[0, 0, 1, 0, 0, 0, 0, 0, 0, 0, 0]
Iteration 1820 New: [0, 0, 86, 16, 11, 5, 2, 5, 2, 0, 1] diff:[0, 0, 1, 0, 0, 0, 0, 0, 0, 0, 0]
Iteration 1830 New: [0, 0, 84, 16, 11, 5, 2, 5, 2, 0, 1] diff:[0, 0, -1, 0, 0, 0, 0, 0, 0, 0, 0]
Iteration 1840 New: [0, 0, 84, 16, 11, 5, 2, 5, 2, 0, 1] diff:[0, 0, 1, 0, 0, 0, 0, 0, 0, 0, 0]
Iteration 1850 New: [0, 0, 86, 16, 11, 5, 2, 5, 2, 0, 1] diff:[0, 0, 1, 0, 0, 0, 0, 0, 0, 0, 0]
Iteration 1860 New: [0, 0, 82, 16, 11, 5, 2, 5, 2, 0, 1] diff:[0, 0, 1, 0, 0, 0, 0, 0, 0, 0, 0]
Iteration 1870 New: [0, 0, 80, 16, 11, 5, 2, 5, 2, 0, 1] diff:[0, 0, -1, 0, 0, 0, 0, 0, 0, 0, 0]
Iteration 1880 New: [0, 0, 78, 16, 11, 5, 2, 5, 2, 0, 1] diff:[0, 0, 1, 0, 0, 0, 0, 0, 0, 0, 0]
Iteration 1890 New: [0, 0, 79, 17, 11, 5, 2, 5, 2, 0, 1] diff:[0, 0, 0, 1, 0, 0, 0, 0, 0, 0, 0]
Iteration 1900 New: [0, 0, 82, 18, 11, 5, 2, 5, 2, 0, 1] diff:[0, 0, -1, 0, 0, 0, 0, 0, 0, 0, 0]
Iteration 1910 New: [0, 0, 86, 18, 11, 5, 2, 5, 2, 0, 1] diff:[0, 0, 1, 0, 0, 0, 0, 0, 0, 0, 0]
Iteration 1920 New: [0, 0, 86, 18, 11, 5, 2, 5, 2, 0, 1] diff:[0, 0, -1, 0, 0, 0, 0, 0, 0, 0, 0]
Iteration 1930 New: [0, 0, 82, 18, 11, 5, 2, 5, 2, 0, 1] diff:[0, 0, -1, 0, 0, 0, 0, 0, 0, 0, 0]
Iteration 1940 New: [0, 0, 82, 18, 11, 5, 2, 5, 2, 0, 1] diff:[0, 0, -1, 0, 0, 0, 0, 0, 0, 0, 0]
Iteration 1950 New: [0, 0, 85, 17, 11, 5, 2, 5, 2, 0, 1] diff:[0, 0, 1, 0, 0, 0, 0, 0, 0, 0, 0]
Iteration 1960 New: [0, 0, 85, 17, 11, 5, 2, 5, 2, 0, 1] diff:[0, 0, 1, 0, 0, 0, 0, 0, 0, 0, 0]
Iteration 1970 New: [0, 0, 79, 17, 11, 5, 2, 5, 2, 0, 1] diff:[0, 0, 0, 1, 0, 0, 0, 0, 0, 0, 0]
Iteration 1980 New: [0, 0, 79, 17, 11, 5, 2, 5, 2, 0, 1] diff:[0, 0, 1, 0, 0, 0, 0, 0, 0, 0, 0]
Iteration 1990 New: [0, 0, 80, 16, 11, 5, 2, 5, 2, 0, 1] diff:[0, 0, 0, -1, 0, 0, 0, 0, 0, 0, 0]
Iteration 2000 New: [0, 0, 80, 16, 11, 5, 2, 5, 2, 0, 1] diff:[0, 0, 1, 0, 0, 0, 0, 0, 0, 0, 0]
Iteration 2010 New: [0, 0, 80, 16, 11, 5, 2, 5, 2, 0, 1] diff:[0, 0, -1, 0, 0, 0, 0, 0, 0, 0, 0]
Iteration 2020 New: [0, 0, 81, 15, 11, 5, 2, 5, 2, 0, 1] diff:[0, 0, 1, 0, 0, 0, 0, 0, 0, 0, 0]
Iteration 2030 New: [0, 0, 83, 15, 11, 5, 2, 5, 2, 0, 1] diff:[0, 0, 1, 0, 0, 0, 0, 0, 0, 0, 0]
Iteration 2040 New: [0, 0, 85, 15, 11, 5, 2, 5, 2, 0, 1] diff:[0, 0, -1, 0, 0, 0, 0, 0, 0, 0, 0]
Iteration 2050 New: [0, 0, 79, 15, 11, 5, 2, 5, 2, 0, 1] diff:[0, 0, -1, 0, 0, 0, 0, 0, 0, 0, 0]
Iteration 2060 New: [0, 0, 81, 15, 11, 5, 2, 5, 2, 0, 1] diff:[0, 0, -1, 0, 0, 0, 0, 0, 0, 0, 0]
Iteration 2070 New: [0, 0, 82, 14, 11, 5, 2, 5, 2, 0, 1] diff:[0, 0, -1, 0, 0, 0, 0, 0, 0, 0, 0]
Iteration 2080 New: [0, 0, 82, 14, 11, 5, 2, 5, 2, 0, 1] diff:[0, 0, 1, 0, 0, 0, 0, 0, 0, 0, 0]
Iteration 2090 New: [0, 0, 78, 14, 11, 5, 2, 5, 2, 0, 1] diff:[0, 0, 1, 0, 0, 0, 0, 0, 0, 0, 0]
Iteration 2100 New: [0, 0, 76, 14, 11, 5, 2, 5, 2, 0, 1] diff:[0, 0, -1, 0, 0, 0, 0, 0, 0, 0, 0]
Iteration 2110 New: [0, 0, 76, 14, 11, 5, 2, 5, 2, 0, 1] diff:[0, 0, 1, 0, 0, 0, 0, 0, 0, 0, 0]
Iteration 2120 New: [0, 0, 78, 14, 11, 5, 2, 5, 2, 0, 1] diff:[0, 0, 1, 0, 0, 0, 0, 0, 0, 0, 0]
Iteration 2130 New: [0, 0, 80, 14, 11, 5, 2, 5, 2, 0, 1] diff:[0, 0, -1, 0, 0, 0, 0, 0, 0, 0, 0]
Iteration 2140 New: [0, 0, 78, 14, 11, 5, 2, 5, 2, 0, 1] diff:[0, 0, 1, 0, 0, 0, 0, 0, 0, 0, 0]
Iteration 2150 New: [0, 0, 78, 14, 11, 5, 2, 5, 2, 0, 1] diff:[0, 0, 1, 0, 0, 0, 0, 0, 0, 0, 0]
Iteration 2160 New: [0, 0, 72, 14, 11, 5, 2, 5, 2, 0, 1] diff:[0, 0, -1, 0, 0, 0, 0, 0, 0, 0, 0]
Iteration 2170 New: [0, 0, 74, 14, 11, 5, 2, 5, 2, 0, 1] diff:[0, 0, 1, 0, 0, 0, 0, 0, 0, 0, 0]
Iteration 2180 New: [0, 0, 70, 14, 11, 5, 2, 5, 2, 0, 1] diff:[0, 0, -1, 0, 0, 0, 0, 0, 0, 0, 0]
Iteration 2190 New: [0, 0, 74, 14, 11, 5, 2, 5, 2, 0, 1] diff:[0, 0, 1, 0, 0, 0, 0, 0, 0, 0, 0]
Iteration 2200 New: [0, 0, 79, 13, 11, 5, 2, 5, 2, 0, 1] diff:[0, 0, 1, 0, 0, 0, 0, 0, 0, 0, 0]
Iteration 2210 New: [0, 0, 75, 13, 11, 5, 2, 5, 2, 0, 1] diff:[0, 0, -1, 0, 0, 0, 0, 0, 0, 0, 0]
Iteration 2220 New: [0, 0, 71, 13, 11, 5, 2, 5, 2, 0, 1] diff:[0, 0, -1, 0, 0, 0, 0, 0, 0, 0, 0]
Iteration 2230 New: [0, 0, 73, 13, 11, 5, 2, 5, 2, 0, 1] diff:[0, 0, 1, 0, 0, 0, 0, 0, 0, 0, 0]
Iteration 2240 New: [0, 0, 73, 13, 11, 5, 2, 5, 2, 0, 1] diff:[0, 0, -1, 0, 0, 0, 0, 0, 0, 0, 0]
Iteration 2250 New: [0, 0, 79, 13, 11, 5, 2, 5, 2, 0, 1] diff:[0, 0, -1, 0, 0, 0, 0, 0, 0, 0, 0]
Iteration 2260 New: [0, 0, 79, 13, 11, 5, 2, 5, 2, 0, 1] diff:[0, 0, -1, 0, 0, 0, 0, 0, 0, 0, 0]
Iteration 2270 New: [0, 0, 77, 13, 11, 5, 2, 5, 2, 0, 1] diff:[0, 0, 1, 0, 0, 0, 0, 0, 0, 0, 0]
Iteration 2280 New: [0, 0, 77, 13, 11, 5, 2, 5, 2, 0, 1] diff:[0, 0, 1, 0, 0, 0, 0, 0, 0, 0, 0]
Iteration 2290 New: [0, 0, 75, 13, 11, 5, 2, 5, 2, 0, 1] diff:[0, 0, -1, 0, 0, 0, 0, 0, 0, 0, 0]
Iteration 2300 New: [0, 0, 79, 13, 11, 5, 2, 5, 2, 0, 1] diff:[0, 0, 1, 0, 0, 0, 0, 0, 0, 0, 0]
Iteration 2310 New: [0, 0, 79, 13, 11, 5, 2, 5, 2, 0, 1] diff:[0, 0, -1, 0, 0, 0, 0, 0, 0, 0, 0]
Iteration 2320 New: [0, 0, 83, 13, 11, 5, 2, 5, 2, 0, 1] diff:[0, 0, -1, 0, 0, 0, 0, 0, 0, 0, 0]
Iteration 2330 New: [0, 0, 85, 13, 11, 5, 2, 5, 2, 0, 1] diff:[0, 0, 1, 0, 0, 0, 0, 0, 0, 0, 0]
Iteration 2340 New: [0, 0, 89, 13, 11, 5, 2, 5, 2, 0, 1] diff:[0, 0, 1, 0, 0, 0, 0, 0, 0, 0, 0]
Iteration 2350 New: [0, 0, 85, 13, 11, 5, 2, 5, 2, 0, 1] diff:[0, 0, -1, 0, 0, 0, 0, 0, 0, 0, 0]
Iteration 2360 New: [0, 0, 87, 13, 11, 5, 2, 5, 2, 0, 1] diff:[0, 0, 1, 0, 0, 0, 0, 0, 0, 0, 0]
Iteration 2370 New: [0, 0, 93, 13, 11, 5, 2, 5, 2, 0, 1] diff:[0, 0, -1, 0, 0, 0, 0, 0, 0, 0, 0]
Iteration 2380 New: [0, 0, 93, 13, 11, 5, 2, 5, 2, 0, 1] diff:[0, 0, -1, 0, 0, 0, 0, 0, 0, 0, 0]
Iteration 2390 New: [0, 0, 91, 11, 11, 5, 2, 5, 2, 0, 1] diff:[0, 0, 1, 0, 0, 0, 0, 0, 0, 0, 0]
Iteration 2400 New: [0, 0, 89, 11, 11, 5, 2, 5, 2, 0, 1] diff:[0, 0, -1, 0, 0, 0, 0, 0, 0, 0, 0]
Iteration 2410 New: [0, 0, 87, 11, 11, 5, 2, 5, 2, 0, 1] diff:[0, 0, -1, 0, 0, 0, 0, 0, 0, 0, 0]
Iteration 2420 New: [0, 0, 83, 11, 11, 5, 2, 5, 2, 0, 1] diff:[0, 0, 1, 0, 0, 0, 0, 0, 0, 0, 0]
Iteration 2430 New: [0, 0, 87, 11, 11, 5, 2, 5, 2, 0, 1] diff:[0, 0, 1, 0, 0, 0, 0, 0, 0, 0, 0]
Iteration 2440 New: [0, 0, 87, 11, 11, 5, 2, 5, 2, 0, 1] diff:[0, 0, 1, 0, 0, 0, 0, 0, 0, 0, 0]
Iteration 2450 New: [0, 0, 85, 11, 11, 5, 2, 5, 2, 0, 1] diff:[0, 0, -1, 0, 0, 0, 0, 0, 0, 0, 0]
Iteration 2460 New: [0, 0, 89, 11, 11, 5, 2, 5, 2, 0, 1] diff:[0, 0, 1, 0, 0, 0, 0, 0, 0, 0, 0]
Iteration 2470 New: [0, 0, 87, 11, 11, 5, 2, 5, 2, 0, 1] diff:[0, 0, 1, 0, 0, 0, 0, 0, 0, 0, 0]
Iteration 2480 New: [0, 0, 83, 11, 11, 5, 2, 5, 2, 0, 1] diff:[0, 0, 1, 0, 0, 0, 0, 0, 0, 0, 0]
Iteration 2490 New: [0, 0, 87, 11, 11, 5, 2, 5, 2, 0, 1] diff:[0, 0, 1, 0, 0, 0, 0, 0, 0, 0, 0]
Iteration 2500 New: [0, 0, 91, 11, 11, 5, 2, 5, 2, 0, 1] diff:[0, 0, 1, 0, 0, 0, 0, 0, 0, 0, 0]
Iteration 2510 New: [0, 0, 91, 11, 11, 5, 2, 5, 2, 0, 1] diff:[0, 0, -1, 0, 0, 0, 0, 0, 0, 0, 0]
Iteration 2520 New: [0, 0, 91, 11, 11, 5, 2, 5, 2, 0, 1] diff:[0, 0, -1, 0, 0, 0, 0, 0, 0, 0, 0]
Iteration 2530 New: [0, 0, 95, 11, 11, 5, 2, 5, 2, 0, 1] diff:[0, 0, 1, 0, 0, 0, 0, 0, 0, 0, 0]
Iteration 2540 New: [0, 0, 94, 12, 11, 5, 2, 5, 2, 0, 1] diff:[0, 0, -1, 0, 0, 0, 0, 0, 0, 0, 0]
Iteration 2550 New: [0, 0, 94, 12, 11, 5, 2, 5, 2, 0, 1] diff:[0, 0, 1, 0, 0, 0, 0, 0, 0, 0, 0]
Iteration 2560 New: [0, 0, 92, 12, 11, 5, 2, 5, 2, 0, 1] diff:[0, 0, -1, 0, 0, 0, 0, 0, 0, 0, 0]
Iteration 2570 New: [0, 0, 98, 12, 11, 5, 2, 5, 2, 0, 1] diff:[0, 0, 1, 0, 0, 0, 0, 0, 0, 0, 0]
Iteration 2580 New: [0, 0, 96, 12, 11, 5, 2, 5, 2, 0, 1] diff:[0, 0, 1, 0, 0, 0, 0, 0, 0, 0, 0]
Iteration 2590 New: [0, 0, 92, 12, 11, 5, 2, 5, 2, 0, 1] diff:[0, 0, 1, 0, 0, 0, 0, 0, 0, 0, 0]
Iteration 2600 New: [0, 0, 94, 12, 11, 5, 2, 5, 2, 0, 1] diff:[0, 0, -1, 0, 0, 0, 0, 0, 0, 0, 0]
Iteration 2610 New: [0, 0, 92, 12, 11, 5, 2, 5, 2, 0, 1] diff:[0, 0, -1, 0, 0, 0, 0, 0, 0, 0, 0]
Iteration 2620 New: [0, 0, 93, 11, 11, 5, 2, 5, 2, 0, 1] diff:[0, 0, -1, 0, 0, 0, 0, 0, 0, 0, 0]
Iteration 2630 New: [0, 0, 91, 11, 11, 5, 2, 5, 2, 0, 1] diff:[0, 0, -1, 0, 0, 0, 0, 0, 0, 0, 0]
Iteration 2640 New: [0, 0, 93, 11, 11, 5, 2, 5, 2, 0, 1] diff:[0, 0, 1, 0, 0, 0, 0, 0, 0, 0, 0]
Iteration 2650 New: [0, 0, 89, 11, 11, 5, 2, 5, 2, 0, 1] diff:[0, 0, 1, 0, 0, 0, 0, 0, 0, 0, 0]
Iteration 2660 New: [0, 0, 87, 11, 11, 5, 2, 5, 2, 0, 1] diff:[0, 0, 1, 0, 0, 0, 0, 0, 0, 0, 0]
Iteration 2670 New: [0, 0, 91, 11, 11, 5, 2, 5, 2, 0, 1] diff:[0, 0, 1, 0, 0, 0, 0, 0, 0, 0, 0]
Iteration 2680 New: [0, 0, 97, 11, 11, 5, 2, 5, 2, 0, 1] diff:[0, 0, 1, 0, 0, 0, 0, 0, 0, 0, 0]
Iteration 2690 New: [0, 0, 101, 11, 11, 5, 2, 5, 2, 0, 1] diff:[0, 0, 1, 0, 0, 0, 0, 0, 0, 0, 0]
Iteration 2700 New: [0, 0, 101, 11, 11, 5, 2, 5, 2, 0, 1] diff:[0, 0, -1, 0, 0, 0, 0, 0, 0, 0, 0]
Iteration 2710 New: [0, 0, 99, 11, 11, 5, 2, 5, 2, 0, 1] diff:[0, 0, 1, 0, 0, 0, 0, 0, 0, 0, 0]
Iteration 2720 New: [0, 0, 93, 11, 11, 5, 2, 5, 2, 0, 1] diff:[0, 0, -1, 0, 0, 0, 0, 0, 0, 0, 0]
Iteration 2730 New: [0, 0, 87, 11, 11, 5, 2, 5, 2, 0, 1] diff:[0, 0, -1, 0, 0, 0, 0, 0, 0, 0, 0]
Iteration 2740 New: [0, 0, 89, 11, 11, 5, 2, 5, 2, 0, 1] diff:[0, 0, -1, 0, 0, 0, 0, 0, 0, 0, 0]
Iteration 2750 New: [0, 0, 93, 11, 11, 5, 2, 5, 2, 0, 1] diff:[0, 0, 1, 0, 0, 0, 0, 0, 0, 0, 0]
Iteration 2760 New: [0, 0, 93, 11, 11, 5, 2, 5, 2, 0, 1] diff:[0, 0, 1, 0, 0, 0, 0, 0, 0, 0, 0]
Iteration 2770 New: [0, 0, 95, 11, 11, 5, 2, 5, 2, 0, 1] diff:[0, 0, 1, 0, 0, 0, 0, 0, 0, 0, 0]
Iteration 2780 New: [0, 0, 93, 11, 11, 5, 2, 5, 2, 0, 1] diff:[0, 0, -1, 0, 0, 0, 0, 0, 0, 0, 0]
Iteration 2790 New: [0, 0, 89, 13, 11, 5, 2, 5, 2, 0, 1] diff:[0, 0, 0, 1, 0, 0, 0, 0, 0, 0, 0]
Iteration 2800 New: [0, 0, 95, 13, 11, 5, 2, 5, 2, 0, 1] diff:[0, 0, 1, 0, 0, 0, 0, 0, 0, 0, 0]
Iteration 2810 New: [0, 0, 97, 13, 11, 5, 2, 5, 2, 0, 1] diff:[0, 0, 1, 0, 0, 0, 0, 0, 0, 0, 0]
Iteration 2820 New: [0, 0, 91, 14, 12, 5, 2, 5, 2, 0, 1] diff:[0, 0, 0, 0, 1, 0, 0, 0, 0, 0, 0]
Iteration 2830 New: [0, 0, 87, 14, 12, 5, 2, 5, 2, 0, 1] diff:[0, 0, -1, 0, 0, 0, 0, 0, 0, 0, 0]
Iteration 2840 New: [0, 0, 89, 14, 12, 5, 2, 5, 2, 0, 1] diff:[0, 0, -1, 0, 0, 0, 0, 0, 0, 0, 0]
Iteration 2850 New: [0, 0, 93, 14, 12, 5, 2, 5, 2, 0, 1] diff:[0, 0, 1, 0, 0, 0, 0, 0, 0, 0, 0]
Iteration 2860 New: [0, 0, 91, 14, 12, 5, 2, 5, 2, 0, 1] diff:[0, 0, 1, 0, 0, 0, 0, 0, 0, 0, 0]
Iteration 2870 New: [0, 0, 88, 13, 12, 5, 2, 5, 2, 0, 1] diff:[0, 0, -1, 0, 0, 0, 0, 0, 0, 0, 0]
Iteration 2880 New: [0, 0, 88, 13, 12, 5, 2, 5, 2, 0, 1] diff:[0, 0, 1, 0, 0, 0, 0, 0, 0, 0, 0]
Iteration 2890 New: [0, 0, 92, 13, 12, 5, 2, 5, 2, 0, 1] diff:[0, 0, -1, 0, 0, 0, 0, 0, 0, 0, 0]
Iteration 2900 New: [0, 0, 91, 13, 11, 5, 2, 5, 2, 0, 1] diff:[0, 0, -1, 0, 0, 0, 0, 0, 0, 0, 0]
Iteration 2910 New: [0, 0, 93, 13, 11, 5, 2, 5, 2, 0, 1] diff:[0, 0, -1, 0, 0, 0, 0, 0, 0, 0, 0]
Iteration 2920 New: [0, 0, 95, 13, 11, 5, 2, 5, 2, 0, 1] diff:[0, 0, 1, 0, 0, 0, 0, 0, 0, 0, 0]
Iteration 2930 New: [0, 0, 97, 13, 11, 5, 2, 5, 2, 0, 1] diff:[0, 0, 1, 0, 0, 0, 0, 0, 0, 0, 0]
Iteration 2940 New: [0, 0, 95, 13, 11, 5, 2, 5, 2, 0, 1] diff:[0, 0, 1, 0, 0, 0, 0, 0, 0, 0, 0]
Iteration 2950 New: [0, 0, 97, 13, 11, 5, 2, 5, 2, 0, 1] diff:[0, 0, 1, 0, 0, 0, 0, 0, 0, 0, 0]
Iteration 2960 New: [0, 0, 93, 13, 11, 5, 2, 5, 2, 0, 1] diff:[0, 0, -1, 0, 0, 0, 0, 0, 0, 0, 0]
Iteration 2970 New: [0, 0, 95, 13, 11, 5, 2, 5, 2, 0, 1] diff:[0, 0, -1, 0, 0, 0, 0, 0, 0, 0, 0]
Iteration 2980 New: [0, 0, 97, 13, 11, 5, 2, 5, 2, 0, 1] diff:[0, 0, -1, 0, 0, 0, 0, 0, 0, 0, 0]
Iteration 2990 New: [0, 0, 97, 13, 11, 5, 2, 5, 2, 0, 1] diff:[0, 0, -1, 0, 0, 0, 0, 0, 0, 0, 0]
Iteration 3000 New: [0, 0, 95, 13, 11, 5, 2, 5, 2, 0, 1] diff:[0, 0, -1, 0, 0, 0, 0, 0, 0, 0, 0]
Iteration 3010 New: [0, 0, 95, 13, 11, 5, 2, 5, 2, 0, 1] diff:[0, 0, -1, 0, 0, 0, 0, 0, 0, 0, 0]
Iteration 3020 New: [0, 0, 97, 13, 11, 5, 2, 5, 2, 0, 1] diff:[0, 0, -1, 0, 0, 0, 0, 0, 0, 0, 0]
Iteration 3030 New: [0, 0, 97, 13, 11, 5, 2, 5, 2, 0, 1] diff:[0, 0, -1, 0, 0, 0, 0, 0, 0, 0, 0]
Iteration 3040 New: [0, 0, 97, 13, 11, 5, 2, 5, 2, 0, 1] diff:[0, 0, -1, 0, 0, 0, 0, 0, 0, 0, 0]
Iteration 3050 New: [0, 0, 101, 13, 11, 5, 2, 5, 2, 0, 1] diff:[0, 0, 1, 0, 0, 0, 0, 0, 0, 0, 0]
Iteration 3060 New: [0, 0, 99, 13, 11, 5, 2, 5, 2, 0, 1] diff:[0, 0, -1, 0, 0, 0, 0, 0, 0, 0, 0]
Iteration 3070 New: [0, 0, 93, 13, 11, 5, 2, 5, 2, 0, 1] diff:[0, 0, -1, 0, 0, 0, 0, 0, 0, 0, 0]
Iteration 3080 New: [0, 0, 93, 13, 11, 5, 2, 5, 2, 0, 1] diff:[0, 0, -1, 0, 0, 0, 0, 0, 0, 0, 0]
Iteration 3090 New: [0, 0, 101, 13, 11, 5, 2, 5, 2, 0, 1] diff:[0, 0, 1, 0, 0, 0, 0, 0, 0, 0, 0]
Iteration 3100 New: [0, 0, 97, 13, 11, 5, 2, 5, 2, 0, 1] diff:[0, 0, -1, 0, 0, 0, 0, 0, 0, 0, 0]
Iteration 3110 New: [0, 0, 101, 13, 11, 5, 2, 5, 2, 0, 1] diff:[0, 0, -1, 0, 0, 0, 0, 0, 0, 0, 0]
Iteration 3120 New: [0, 0, 106, 14, 11, 5, 2, 5, 2, 0, 1] diff:[0, 0, 1, 0, 0, 0, 0, 0, 0, 0, 0]
Iteration 3130 New: [0, 0, 107, 13, 11, 5, 2, 5, 2, 0, 1] diff:[0, 0, 1, 0, 0, 0, 0, 0, 0, 0, 0]
Iteration 3140 New: [0, 0, 109, 13, 11, 5, 2, 5, 2, 0, 1] diff:[0, 0, 1, 0, 0, 0, 0, 0, 0, 0, 0]
Iteration 3150 New: [0, 0, 109, 13, 11, 5, 2, 5, 2, 0, 1] diff:[0, 0, 1, 0, 0, 0, 0, 0, 0, 0, 0]
Iteration 3160 New: [0, 0, 105, 13, 11, 5, 2, 5, 2, 0, 1] diff:[0, 0, -1, 0, 0, 0, 0, 0, 0, 0, 0]
Iteration 3170 New: [0, 0, 108, 14, 11, 5, 2, 5, 2, 0, 1] diff:[0, 0, -1, 0, 0, 0, 0, 0, 0, 0, 0]
Iteration 3180 New: [0, 0, 102, 14, 11, 5, 2, 5, 2, 0, 1] diff:[0, 0, -1, 0, 0, 0, 0, 0, 0, 0, 0]
Iteration 3190 New: [0, 0, 106, 14, 11, 5, 2, 5, 2, 0, 1] diff:[0, 0, 1, 0, 0, 0, 0, 0, 0, 0, 0]
Iteration 3200 New: [0, 0, 106, 14, 11, 5, 2, 5, 2, 0, 1] diff:[0, 0, 1, 0, 0, 0, 0, 0, 0, 0, 0]
Iteration 3210 New: [0, 0, 106, 14, 11, 5, 2, 5, 2, 0, 1] diff:[0, 0, -1, 0, 0, 0, 0, 0, 0, 0, 0]
Auto-stopped algorithm at 3212th iteration

A target 10000 more iterations took 36862893555 ns.
Total iterations 3212
Total algorithm runtime 40155041186 ns
  or 40155.041186 ms