macaque_neural.gt
Iteration 10 New: [0, 0, 0, 6, 16, 16, 34, 27, 11, 0] diff:[0, 0, 0, 1, 0, 0, 0, 0, 0, 0]
Iteration 20 New: [0, 0, 4, 6, 16, 16, 34, 27, 7, 0] diff:[0, 0, 1, 0, 0, 0, 0, 0, 0, 0]
Iteration 30 New: [0, 0, 10, 6, 16, 16, 34, 27, 7, 0] diff:[0, 0, 1, 0, 0, 0, 0, 0, 0, 0]
Iteration 40 New: [0, 0, 15, 6, 17, 16, 34, 27, 7, 0] diff:[0, 0, 1, 0, 0, 0, 0, 0, 0, 0]
Iteration 50 New: [0, 0, 15, 6, 17, 16, 34, 27, 7, 0] diff:[0, 0, 1, 0, 0, 0, 0, 0, 0, 0]
Iteration 60 New: [0, 0, 19, 6, 17, 16, 34, 27, 7, 0] diff:[0, 0, -1, 0, 0, 0, 0, 0, 0, 0]
Iteration 70 New: [0, 0, 20, 6, 17, 16, 34, 27, 6, 0] diff:[0, 0, 0, 0, 0, 0, 0, 0, -1, 0]
Iteration 80 New: [0, 0, 24, 6, 18, 16, 34, 27, 3, 0] diff:[0, 0, 0, 0, 0, 0, 0, 0, -1, 0]
Iteration 90 New: [0, 0, 32, 6, 18, 16, 34, 27, 3, 0] diff:[0, 0, 1, 0, 0, 0, 0, 0, 0, 0]
Iteration 100 New: [0, 0, 41, 6, 18, 16, 34, 27, 2, 0] diff:[0, 0, 1, 0, 0, 0, 0, 0, 0, 0]
Iteration 110 New: [0, 0, 47, 6, 18, 16, 34, 27, 0, 0] diff:[0, 0, 0, 0, 0, 0, 0, 0, -1, 0]
Iteration 120 New: [0, 0, 56, 6, 18, 16, 34, 26, 0, 0] diff:[0, 0, 1, 0, 0, 0, 0, 0, 0, 0]
Iteration 130 New: [0, 0, 64, 6, 18, 16, 34, 26, 0, 0] diff:[0, 0, 1, 0, 0, 0, 0, 0, 0, 0]
Iteration 140 New: [0, 0, 73, 6, 18, 16, 34, 25, 0, 0] diff:[0, 0, 1, 0, 0, 0, 0, 0, 0, 0]
Iteration 150 New: [0, 0, 78, 6, 19, 16, 34, 25, 0, 0] diff:[0, 0, 1, 0, 0, 0, 0, 0, 0, 0]
Iteration 160 New: [0, 0, 84, 6, 19, 16, 34, 25, 0, 0] diff:[0, 0, 1, 0, 0, 0, 0, 0, 0, 0]
Iteration 170 New: [0, 0, 89, 6, 19, 16, 34, 24, 0, 0] diff:[0, 0, 1, 0, 0, 0, 0, 0, 0, 0]
Iteration 180 New: [0, 0, 95, 6, 19, 16, 34, 20, 0, 0] diff:[0, 0, 1, 0, 0, 0, 0, 0, 0, 0]
Iteration 190 New: [0, 0, 105, 6, 19, 16, 34, 20, 0, 0] diff:[0, 0, 1, 0, 0, 0, 0, 0, 0, 0]
Iteration 200 New: [0, 0, 111, 6, 19, 16, 34, 20, 0, 0] diff:[0, 0, -1, 0, 0, 0, 0, 0, 0, 0]
Iteration 210 New: [0, 0, 118, 7, 19, 16, 34, 18, 0, 0] diff:[0, 0, 1, 0, 0, 0, 0, 0, 0, 0]
Iteration 220 New: [0, 0, 124, 7, 19, 16, 34, 18, 0, 0] diff:[0, 0, -1, 0, 0, 0, 0, 0, 0, 0]
Iteration 230 New: [0, 0, 132, 7, 19, 16, 34, 18, 0, 0] diff:[0, 0, 1, 0, 0, 0, 0, 0, 0, 0]
Iteration 240 New: [0, 0, 137, 7, 19, 16, 34, 15, 0, 0] diff:[0, 0, 0, 0, 0, 0, 0, -1, 0, 0]
Iteration 250 New: [0, 0, 143, 8, 19, 16, 34, 12, 0, 0] diff:[0, 0, 0, 0, 0, 0, 0, -1, 0, 0]
Iteration 260 New: [0, 0, 150, 9, 19, 16, 34, 12, 0, 0] diff:[0, 0, 0, 1, 0, 0, 0, 0, 0, 0]
Iteration 270 New: [0, 0, 155, 9, 20, 16, 34, 10, 0, 0] diff:[0, 0, 1, 0, 0, 0, 0, 0, 0, 0]
Iteration 280 New: [0, 0, 162, 11, 20, 16, 34, 9, 0, 0] diff:[0, 0, 1, 0, 0, 0, 0, 0, 0, 0]
Iteration 290 New: [0, 0, 169, 10, 20, 16, 34, 9, 0, 0] diff:[0, 0, 1, 0, 0, 0, 0, 0, 0, 0]
Iteration 300 New: [0, 0, 176, 10, 20, 16, 34, 8, 0, 0] diff:[0, 0, 0, 0, 0, 0, 0, -1, 0, 0]
Iteration 310 New: [0, 0, 183, 11, 20, 16, 34, 8, 0, 0] diff:[0, 0, 1, 0, 0, 0, 0, 0, 0, 0]
Iteration 320 New: [0, 0, 193, 11, 20, 16, 34, 8, 0, 0] diff:[0, 0, 1, 0, 0, 0, 0, 0, 0, 0]
Iteration 330 New: [0, 0, 198, 12, 21, 16, 34, 5, 0, 0] diff:[0, 0, 1, 0, 0, 0, 0, 0, 0, 0]
Iteration 340 New: [0, 0, 200, 12, 21, 16, 34, 1, 0, 0] diff:[0, 0, 0, 0, 0, 0, 0, -1, 0, 0]
Iteration 350 New: [0, 0, 208, 14, 21, 16, 34, 1, 0, 0] diff:[0, 0, 1, 0, 0, 0, 0, 0, 0, 0]
Iteration 360 New: [0, 0, 214, 16, 21, 16, 34, 1, 0, 0] diff:[0, 0, 1, 0, 0, 0, 0, 0, 0, 0]
Iteration 370 New: [0, 0, 221, 15, 21, 16, 34, 1, 0, 0] diff:[0, 0, 1, 0, 0, 0, 0, 0, 0, 0]
Iteration 380 New: [0, 0, 228, 16, 21, 16, 33, 0, 0, 0] diff:[0, 0, 1, 0, 0, 0, 0, 0, 0, 0]
Iteration 390 New: [0, 0, 234, 16, 21, 16, 33, 0, 0, 0] diff:[0, 0, 1, 0, 0, 0, 0, 0, 0, 0]
Iteration 400 New: [0, 0, 241, 18, 21, 16, 32, 0, 0, 0] diff:[0, 0, 0, 1, 0, 0, 0, 0, 0, 0]
Iteration 410 New: [0, 0, 249, 19, 21, 16, 31, 0, 0, 0] diff:[0, 0, 1, 0, 0, 0, 0, 0, 0, 0]
Iteration 420 New: [0, 0, 258, 18, 21, 16, 31, 0, 0, 0] diff:[0, 0, 1, 0, 0, 0, 0, 0, 0, 0]
Iteration 430 New: [0, 0, 265, 19, 21, 16, 29, 0, 0, 0] diff:[0, 0, 0, 1, 0, 0, 0, 0, 0, 0]
Iteration 440 New: [0, 0, 271, 20, 21, 16, 28, 0, 0, 0] diff:[0, 0, 1, 0, 0, 0, 0, 0, 0, 0]
Iteration 450 New: [0, 0, 280, 20, 21, 16, 27, 0, 0, 0] diff:[0, 0, 1, 0, 0, 0, 0, 0, 0, 0]
Iteration 460 New: [0, 0, 283, 21, 21, 16, 25, 0, 0, 0] diff:[0, 0, -1, 0, 0, 0, 0, 0, 0, 0]
Iteration 470 New: [0, 0, 293, 21, 21, 16, 25, 0, 0, 0] diff:[0, 0, 1, 0, 0, 0, 0, 0, 0, 0]
Iteration 480 New: [0, 0, 301, 21, 21, 16, 25, 0, 0, 0] diff:[0, 0, 1, 0, 0, 0, 0, 0, 0, 0]
Iteration 490 New: [0, 0, 309, 22, 21, 16, 24, 0, 0, 0] diff:[0, 0, 0, 0, 0, 0, -1, 0, 0, 0]
Iteration 500 New: [0, 0, 316, 22, 22, 16, 24, 0, 0, 0] diff:[0, 0, 1, 0, 0, 0, 0, 0, 0, 0]
Iteration 510 New: [0, 0, 321, 24, 22, 16, 23, 0, 0, 0] diff:[0, 0, 1, 0, 0, 0, 0, 0, 0, 0]
Iteration 520 New: [0, 0, 328, 25, 22, 16, 21, 0, 0, 0] diff:[0, 0, 1, 0, 0, 0, 0, 0, 0, 0]
Iteration 530 New: [0, 0, 336, 27, 22, 16, 21, 0, 0, 0] diff:[0, 0, 1, 0, 0, 0, 0, 0, 0, 0]
Iteration 540 New: [0, 0, 343, 26, 22, 16, 21, 0, 0, 0] diff:[0, 0, 1, 0, 0, 0, 0, 0, 0, 0]
Iteration 550 New: [0, 0, 348, 26, 22, 16, 20, 0, 0, 0] diff:[0, 0, 1, 0, 0, 0, 0, 0, 0, 0]
Iteration 560 New: [0, 0, 357, 26, 22, 16, 19, 0, 0, 0] diff:[0, 0, 1, 0, 0, 0, 0, 0, 0, 0]
Iteration 570 New: [0, 0, 361, 26, 22, 16, 19, 0, 0, 0] diff:[0, 0, 1, 0, 0, 0, 0, 0, 0, 0]
Iteration 580 New: [0, 0, 365, 25, 22, 16, 16, 0, 0, 0] diff:[0, 0, 0, 0, 0, 0, -1, 0, 0, 0]
Iteration 590 New: [0, 0, 372, 24, 22, 16, 16, 0, 0, 0] diff:[0, 0, 0, -1, 0, 0, 0, 0, 0, 0]
Iteration 600 New: [0, 0, 378, 26, 22, 16, 14, 0, 0, 0] diff:[0, 0, 1, 0, 0, 0, 0, 0, 0, 0]
Iteration 610 New: [0, 0, 386, 27, 22, 16, 13, 0, 0, 0] diff:[0, 0, 1, 0, 0, 0, 0, 0, 0, 0]
Iteration 620 New: [0, 0, 392, 27, 22, 16, 13, 0, 0, 0] diff:[0, 0, 1, 0, 0, 0, 0, 0, 0, 0]
Iteration 630 New: [0, 0, 401, 28, 22, 16, 13, 0, 0, 0] diff:[0, 0, 0, 1, 0, 0, 0, 0, 0, 0]
Iteration 640 New: [0, 0, 406, 30, 22, 16, 12, 0, 0, 0] diff:[0, 0, 1, 0, 0, 0, 0, 0, 0, 0]
Iteration 650 New: [0, 0, 410, 32, 22, 16, 10, 0, 0, 0] diff:[0, 0, 1, 0, 0, 0, 0, 0, 0, 0]
Iteration 660 New: [0, 0, 418, 33, 22, 16, 9, 0, 0, 0] diff:[0, 0, 0, 0, 0, 0, -1, 0, 0, 0]
Iteration 670 New: [0, 0, 426, 34, 22, 16, 8, 0, 0, 0] diff:[0, 0, 1, 0, 0, 0, 0, 0, 0, 0]
Iteration 680 New: [0, 0, 431, 37, 22, 16, 8, 0, 0, 0] diff:[0, 0, 0, 1, 0, 0, 0, 0, 0, 0]
Iteration 690 New: [0, 0, 436, 37, 22, 16, 3, 0, 0, 0] diff:[0, 0, 1, 0, 0, 0, 0, 0, 0, 0]
Iteration 700 New: [0, 0, 445, 37, 22, 16, 2, 0, 0, 0] diff:[0, 0, 1, 0, 0, 0, 0, 0, 0, 0]
Iteration 710 New: [0, 0, 453, 37, 22, 16, 0, 0, 0, 0] diff:[0, 0, 1, 0, 0, 0, 0, 0, 0, 0]
Iteration 720 New: [0, 0, 461, 39, 22, 16, 0, 0, 0, 0] diff:[0, 0, 1, 0, 0, 0, 0, 0, 0, 0]
Iteration 730 New: [0, 0, 466, 39, 22, 15, 0, 0, 0, 0] diff:[0, 0, 1, 0, 0, 0, 0, 0, 0, 0]
Iteration 740 New: [0, 0, 472, 41, 22, 15, 0, 0, 0, 0] diff:[0, 0, 1, 0, 0, 0, 0, 0, 0, 0]
Iteration 750 New: [0, 0, 477, 41, 22, 14, 0, 0, 0, 0] diff:[0, 0, 1, 0, 0, 0, 0, 0, 0, 0]
Iteration 760 New: [0, 0, 482, 43, 22, 13, 0, 0, 0, 0] diff:[0, 0, 1, 0, 0, 0, 0, 0, 0, 0]
Iteration 770 New: [0, 0, 488, 45, 22, 11, 0, 0, 0, 0] diff:[0, 0, 1, 0, 0, 0, 0, 0, 0, 0]
Iteration 780 New: [0, 0, 494, 45, 22, 9, 0, 0, 0, 0] diff:[0, 0, 0, -1, 0, 0, 0, 0, 0, 0]
Iteration 790 New: [0, 0, 500, 47, 22, 7, 0, 0, 0, 0] diff:[0, 0, 0, 0, 0, -1, 0, 0, 0, 0]
Iteration 800 New: [0, 0, 505, 48, 23, 6, 0, 0, 0, 0] diff:[0, 0, 0, 1, 0, 0, 0, 0, 0, 0]
Iteration 810 New: [0, 0, 512, 49, 23, 4, 0, 0, 0, 0] diff:[0, 0, 1, 0, 0, 0, 0, 0, 0, 0]
Iteration 820 New: [0, 0, 519, 51, 23, 3, 0, 0, 0, 0] diff:[0, 0, 0, 1, 0, 0, 0, 0, 0, 0]
Iteration 830 New: [0, 0, 525, 53, 23, 1, 0, 0, 0, 0] diff:[0, 0, 1, 0, 0, 0, 0, 0, 0, 0]
Iteration 840 New: [0, 0, 528, 55, 23, 0, 0, 0, 0, 0] diff:[0, 0, 0, 0, -1, 0, 0, 0, 0, 0]
Iteration 850 New: [0, 0, 535, 57, 22, 0, 0, 0, 0, 0] diff:[0, 0, 1, 0, 0, 0, 0, 0, 0, 0]
Iteration 860 New: [0, 0, 541, 59, 20, 0, 0, 0, 0, 0] diff:[0, 0, 1, 0, 0, 0, 0, 0, 0, 0]
Iteration 870 New: [0, 0, 545, 59, 18, 0, 0, 0, 0, 0] diff:[0, 0, 0, 1, 0, 0, 0, 0, 0, 0]
Iteration 880 New: [0, 0, 549, 63, 16, 0, 0, 0, 0, 0] diff:[0, 0, 1, 0, 0, 0, 0, 0, 0, 0]
Iteration 890 New: [0, 0, 555, 63, 14, 0, 0, 0, 0, 0] diff:[0, 0, 1, 0, 0, 0, 0, 0, 0, 0]
Iteration 900 New: [0, 0, 562, 63, 11, 0, 0, 0, 0, 0] diff:[0, 0, 1, 0, 0, 0, 0, 0, 0, 0]
Iteration 910 New: [0, 0, 564, 66, 10, 0, 0, 0, 0, 0] diff:[0, 0, 0, -1, 0, 0, 0, 0, 0, 0]
Iteration 920 New: [0, 0, 571, 66, 9, 0, 0, 0, 0, 0] diff:[0, 0, 1, 0, 0, 0, 0, 0, 0, 0]
Iteration 930 New: [0, 0, 578, 66, 8, 0, 0, 0, 0, 0] diff:[0, 0, 0, 0, -1, 0, 0, 0, 0, 0]
Iteration 940 New: [0, 0, 581, 69, 4, 0, 0, 0, 0, 0] diff:[0, 0, 0, 0, -1, 0, 0, 0, 0, 0]
Iteration 950 New: [0, 0, 586, 68, 0, 0, 0, 0, 0, 0] diff:[0, 0, 1, 0, 0, 0, 0, 0, 0, 0]
Iteration 960 New: [0, 0, 591, 65, 0, 0, 0, 0, 0, 0] diff:[0, 0, 1, 0, 0, 0, 0, 0, 0, 0]
Iteration 970 New: [0, 0, 597, 63, 0, 0, 0, 0, 0, 0] diff:[0, 0, 0, -1, 0, 0, 0, 0, 0, 0]
Iteration 980 New: [0, 0, 604, 62, 0, 0, 0, 0, 0, 0] diff:[0, 0, 1, 0, 0, 0, 0, 0, 0, 0]
Iteration 990 New: [0, 0, 610, 60, 0, 0, 0, 0, 0, 0] diff:[0, 0, 0, -1, 0, 0, 0, 0, 0, 0]
Iteration 1000 New: [0, 0, 615, 55, 0, 0, 0, 0, 0, 0] diff:[0, 0, 0, -1, 0, 0, 0, 0, 0, 0]
Iteration 1010 New: [0, 0, 618, 50, 0, 0, 0, 0, 0, 0] diff:[0, 0, 0, -1, 0, 0, 0, 0, 0, 0]
Iteration 1020 New: [0, 0, 624, 48, 0, 0, 0, 0, 0, 0] diff:[0, 0, 0, -1, 0, 0, 0, 0, 0, 0]
Iteration 1030 New: [0, 0, 629, 45, 0, 0, 0, 0, 0, 0] diff:[0, 0, 1, 0, 0, 0, 0, 0, 0, 0]
Iteration 1040 New: [0, 0, 635, 41, 0, 0, 0, 0, 0, 0] diff:[0, 0, 1, 0, 0, 0, 0, 0, 0, 0]
Iteration 1050 New: [0, 0, 639, 35, 0, 0, 0, 0, 0, 0] diff:[0, 0, 0, -1, 0, 0, 0, 0, 0, 0]
Iteration 1060 New: [0, 0, 643, 33, 0, 0, 0, 0, 0, 0] diff:[0, 0, 1, 0, 0, 0, 0, 0, 0, 0]
Iteration 1070 New: [0, 0, 649, 29, 0, 0, 0, 0, 0, 0] diff:[0, 0, 0, -1, 0, 0, 0, 0, 0, 0]
Iteration 1080 New: [0, 0, 656, 28, 0, 0, 0, 0, 0, 0] diff:[0, 0, 1, 0, 0, 0, 0, 0, 0, 0]
Iteration 1090 New: [0, 0, 660, 26, 0, 0, 0, 0, 0, 0] diff:[0, 0, 1, 0, 0, 0, 0, 0, 0, 0]
Iteration 1100 New: [0, 0, 666, 22, 0, 0, 0, 0, 0, 0] diff:[0, 0, 0, -1, 0, 0, 0, 0, 0, 0]
Iteration 1110 New: [0, 0, 672, 18, 0, 0, 0, 0, 0, 0] diff:[0, 0, 1, 0, 0, 0, 0, 0, 0, 0]
Iteration 1120 New: [0, 0, 677, 13, 0, 0, 0, 0, 0, 0] diff:[0, 0, 0, -1, 0, 0, 0, 0, 0, 0]
Iteration 1130 New: [0, 0, 685, 13, 0, 0, 0, 0, 0, 0] diff:[0, 0, 1, 0, 0, 0, 0, 0, 0, 0]
Iteration 1140 New: [0, 0, 693, 11, 0, 0, 0, 0, 0, 0] diff:[0, 0, 1, 0, 0, 0, 0, 0, 0, 0]
Iteration 1150 New: [0, 0, 697, 5, 0, 0, 0, 0, 0, 0] diff:[0, 0, 0, -1, 0, 0, 0, 0, 0, 0]
Iteration 1160 New: [0, 0, 702, 0, 0, 0, 0, 0, 0, 0] diff:[0, 0, 0, -1, 0, 0, 0, 0, 0, 0]
Iteration 1170 New: [0, 0, 710, 0, 0, 0, 0, 0, 0, 0] diff:[0, 0, 1, 0, 0, 0, 0, 0, 0, 0]
Iteration 1180 New: [0, 0, 716, 0, 0, 0, 0, 0, 0, 0] diff:[0, 0, 1, 0, 0, 0, 0, 0, 0, 0]
Iteration 1190 New: [0, 0, 716, 0, 0, 0, 0, 0, 0, 0] diff:[0, 0, 1, 0, 0, 0, 0, 0, 0, 0]
Iteration 1200 New: [0, 0, 722, 0, 0, 0, 0, 0, 0, 0] diff:[0, 0, 1, 0, 0, 0, 0, 0, 0, 0]
Iteration 1210 New: [0, 0, 724, 0, 0, 0, 0, 0, 0, 0] diff:[0, 0, 1, 0, 0, 0, 0, 0, 0, 0]
Iteration 1220 New: [0, 0, 728, 0, 0, 0, 0, 0, 0, 0] diff:[0, 0, 1, 0, 0, 0, 0, 0, 0, 0]
Iteration 1230 New: [0, 0, 730, 0, 0, 0, 0, 0, 0, 0] diff:[0, 0, 1, 0, 0, 0, 0, 0, 0, 0]
Iteration 1240 New: [0, 0, 728, 0, 0, 0, 0, 0, 0, 0] diff:[0, 0, -1, 0, 0, 0, 0, 0, 0, 0]
Iteration 1250 New: [0, 0, 730, 0, 0, 0, 0, 0, 0, 0] diff:[0, 0, 1, 0, 0, 0, 0, 0, 0, 0]
Iteration 1260 New: [0, 0, 732, 0, 0, 0, 0, 0, 0, 0] diff:[0, 0, 1, 0, 0, 0, 0, 0, 0, 0]
Iteration 1270 New: [0, 0, 728, 0, 0, 0, 0, 0, 0, 0] diff:[0, 0, 1, 0, 0, 0, 0, 0, 0, 0]
Iteration 1280 New: [0, 0, 730, 0, 0, 0, 0, 0, 0, 0] diff:[0, 0, 1, 0, 0, 0, 0, 0, 0, 0]
Iteration 1290 New: [0, 0, 730, 0, 0, 0, 0, 0, 0, 0] diff:[0, 0, -1, 0, 0, 0, 0, 0, 0, 0]
Iteration 1300 New: [0, 0, 732, 0, 0, 0, 0, 0, 0, 0] diff:[0, 0, 1, 0, 0, 0, 0, 0, 0, 0]
Iteration 1310 New: [0, 0, 734, 0, 0, 0, 0, 0, 0, 0] diff:[0, 0, -1, 0, 0, 0, 0, 0, 0, 0]
Iteration 1320 New: [0, 0, 734, 0, 0, 0, 0, 0, 0, 0] diff:[0, 0, -1, 0, 0, 0, 0, 0, 0, 0]
Auto-stopped algorithm at 1322th iteration

A target 10000 more iterations took 7116666669 ns.
Total iterations 1322
Total algorithm runtime 7116666669 ns
  or 7116.666669 ms