moviegalaxies_591.gt
Iteration 10 New: [0, 0, 14, 2, 6, 2, 6, 2, 6, 2, 3, 2, 4, 0, 2, 0, 1, 0, 0, 1] diff:[0, 0, 1, 0, 0, 0, 0, 0, 0, 0, 0, 0, 0, 0, 0, 0, 0, 0, 0, 0]
Iteration 20 New: [0, 0, 22, 2, 6, 2, 6, 2, 6, 2, 3, 2, 4, 0, 2, 0, 1, 0, 0, 1] diff:[0, 0, 1, 0, 0, 0, 0, 0, 0, 0, 0, 0, 0, 0, 0, 0, 0, 0, 0, 0]
Iteration 30 New: [0, 0, 32, 2, 6, 2, 6, 2, 6, 2, 3, 2, 4, 0, 2, 0, 1, 0, 0, 1] diff:[0, 0, 1, 0, 0, 0, 0, 0, 0, 0, 0, 0, 0, 0, 0, 0, 0, 0, 0, 0]
Iteration 40 New: [0, 0, 42, 2, 6, 2, 6, 2, 6, 2, 3, 2, 4, 0, 2, 0, 1, 0, 0, 1] diff:[0, 0, 1, 0, 0, 0, 0, 0, 0, 0, 0, 0, 0, 0, 0, 0, 0, 0, 0, 0]
Iteration 50 New: [0, 0, 52, 2, 6, 2, 6, 2, 6, 2, 3, 2, 4, 0, 2, 0, 1, 0, 0, 1] diff:[0, 0, 1, 0, 0, 0, 0, 0, 0, 0, 0, 0, 0, 0, 0, 0, 0, 0, 0, 0]
Iteration 60 New: [0, 0, 56, 2, 6, 2, 6, 2, 6, 2, 3, 2, 4, 0, 2, 0, 1, 0, 0, 1] diff:[0, 0, 1, 0, 0, 0, 0, 0, 0, 0, 0, 0, 0, 0, 0, 0, 0, 0, 0, 0]
Iteration 70 New: [0, 0, 64, 2, 6, 2, 6, 2, 6, 2, 3, 2, 4, 0, 2, 0, 1, 0, 0, 1] diff:[0, 0, 1, 0, 0, 0, 0, 0, 0, 0, 0, 0, 0, 0, 0, 0, 0, 0, 0, 0]
Iteration 80 New: [0, 0, 72, 2, 6, 2, 6, 2, 6, 2, 3, 2, 4, 0, 2, 0, 1, 0, 0, 1] diff:[0, 0, 1, 0, 0, 0, 0, 0, 0, 0, 0, 0, 0, 0, 0, 0, 0, 0, 0, 0]
Iteration 90 New: [0, 0, 76, 2, 6, 2, 6, 2, 6, 2, 3, 2, 4, 0, 2, 0, 1, 0, 0, 1] diff:[0, 0, 1, 0, 0, 0, 0, 0, 0, 0, 0, 0, 0, 0, 0, 0, 0, 0, 0, 0]
Iteration 100 New: [0, 0, 84, 2, 6, 2, 6, 2, 6, 2, 3, 2, 4, 0, 2, 0, 1, 0, 0, 1] diff:[0, 0, 1, 0, 0, 0, 0, 0, 0, 0, 0, 0, 0, 0, 0, 0, 0, 0, 0, 0]
Iteration 110 New: [0, 0, 92, 2, 6, 2, 6, 2, 6, 2, 3, 2, 4, 0, 2, 0, 1, 0, 0, 1] diff:[0, 0, 1, 0, 0, 0, 0, 0, 0, 0, 0, 0, 0, 0, 0, 0, 0, 0, 0, 0]
Iteration 120 New: [0, 0, 96, 2, 6, 2, 6, 2, 6, 2, 3, 2, 4, 0, 2, 0, 1, 0, 0, 1] diff:[0, 0, 1, 0, 0, 0, 0, 0, 0, 0, 0, 0, 0, 0, 0, 0, 0, 0, 0, 0]
Iteration 130 New: [0, 0, 104, 2, 6, 2, 6, 2, 6, 2, 3, 2, 4, 0, 2, 0, 1, 0, 0, 1] diff:[0, 0, -1, 0, 0, 0, 0, 0, 0, 0, 0, 0, 0, 0, 0, 0, 0, 0, 0, 0]
Iteration 140 New: [0, 0, 106, 2, 6, 2, 6, 2, 6, 2, 3, 2, 4, 0, 2, 0, 1, 0, 0, 1] diff:[0, 0, -1, 0, 0, 0, 0, 0, 0, 0, 0, 0, 0, 0, 0, 0, 0, 0, 0, 0]
Iteration 150 New: [0, 0, 114, 2, 6, 2, 6, 2, 6, 2, 3, 2, 4, 0, 2, 0, 1, 0, 0, 1] diff:[0, 0, 1, 0, 0, 0, 0, 0, 0, 0, 0, 0, 0, 0, 0, 0, 0, 0, 0, 0]
Iteration 160 New: [0, 0, 122, 2, 6, 2, 6, 2, 6, 2, 3, 2, 4, 0, 2, 0, 1, 0, 0, 1] diff:[0, 0, 1, 0, 0, 0, 0, 0, 0, 0, 0, 0, 0, 0, 0, 0, 0, 0, 0, 0]
Iteration 170 New: [0, 0, 130, 2, 6, 2, 6, 2, 6, 2, 3, 2, 4, 0, 2, 0, 1, 0, 0, 1] diff:[0, 0, 1, 0, 0, 0, 0, 0, 0, 0, 0, 0, 0, 0, 0, 0, 0, 0, 0, 0]
Iteration 180 New: [0, 0, 136, 2, 6, 2, 6, 2, 6, 2, 3, 2, 4, 0, 2, 0, 1, 0, 0, 1] diff:[0, 0, 1, 0, 0, 0, 0, 0, 0, 0, 0, 0, 0, 0, 0, 0, 0, 0, 0, 0]
Iteration 190 New: [0, 0, 140, 2, 6, 2, 6, 2, 6, 2, 3, 2, 4, 0, 2, 0, 1, 0, 0, 1] diff:[0, 0, 1, 0, 0, 0, 0, 0, 0, 0, 0, 0, 0, 0, 0, 0, 0, 0, 0, 0]
Iteration 200 New: [0, 0, 144, 2, 6, 2, 6, 2, 6, 2, 3, 2, 4, 0, 2, 0, 1, 0, 0, 1] diff:[0, 0, 1, 0, 0, 0, 0, 0, 0, 0, 0, 0, 0, 0, 0, 0, 0, 0, 0, 0]
Iteration 210 New: [0, 0, 144, 2, 6, 2, 6, 2, 6, 2, 3, 2, 4, 0, 2, 0, 1, 0, 0, 1] diff:[0, 0, -1, 0, 0, 0, 0, 0, 0, 0, 0, 0, 0, 0, 0, 0, 0, 0, 0, 0]
Iteration 220 New: [0, 0, 152, 2, 6, 2, 6, 2, 6, 2, 3, 2, 4, 0, 2, 0, 1, 0, 0, 1] diff:[0, 0, 1, 0, 0, 0, 0, 0, 0, 0, 0, 0, 0, 0, 0, 0, 0, 0, 0, 0]
Iteration 230 New: [0, 0, 152, 2, 6, 2, 6, 2, 6, 2, 3, 2, 4, 0, 2, 0, 1, 0, 0, 1] diff:[0, 0, 1, 0, 0, 0, 0, 0, 0, 0, 0, 0, 0, 0, 0, 0, 0, 0, 0, 0]
Iteration 240 New: [0, 0, 156, 2, 6, 2, 6, 2, 6, 2, 3, 2, 4, 0, 2, 0, 1, 0, 0, 1] diff:[0, 0, 1, 0, 0, 0, 0, 0, 0, 0, 0, 0, 0, 0, 0, 0, 0, 0, 0, 0]
Iteration 250 New: [0, 0, 162, 2, 6, 2, 6, 2, 6, 2, 3, 2, 4, 0, 2, 0, 1, 0, 0, 1] diff:[0, 0, -1, 0, 0, 0, 0, 0, 0, 0, 0, 0, 0, 0, 0, 0, 0, 0, 0, 0]
Iteration 260 New: [0, 0, 170, 2, 6, 2, 6, 2, 6, 2, 3, 2, 4, 0, 2, 0, 1, 0, 0, 1] diff:[0, 0, 1, 0, 0, 0, 0, 0, 0, 0, 0, 0, 0, 0, 0, 0, 0, 0, 0, 0]
Iteration 270 New: [0, 0, 176, 2, 6, 2, 6, 2, 6, 2, 3, 2, 4, 0, 2, 0, 1, 0, 0, 1] diff:[0, 0, 1, 0, 0, 0, 0, 0, 0, 0, 0, 0, 0, 0, 0, 0, 0, 0, 0, 0]
Iteration 280 New: [0, 0, 182, 2, 6, 2, 6, 2, 6, 2, 3, 2, 4, 0, 2, 0, 1, 0, 0, 1] diff:[0, 0, 1, 0, 0, 0, 0, 0, 0, 0, 0, 0, 0, 0, 0, 0, 0, 0, 0, 0]
Iteration 290 New: [0, 0, 189, 3, 6, 2, 6, 2, 6, 2, 3, 2, 4, 0, 2, 0, 1, 0, 0, 1] diff:[0, 0, 1, 0, 0, 0, 0, 0, 0, 0, 0, 0, 0, 0, 0, 0, 0, 0, 0, 0]
Iteration 300 New: [0, 0, 197, 3, 6, 2, 6, 2, 6, 2, 3, 2, 4, 0, 2, 0, 1, 0, 0, 1] diff:[0, 0, 1, 0, 0, 0, 0, 0, 0, 0, 0, 0, 0, 0, 0, 0, 0, 0, 0, 0]
Iteration 310 New: [0, 0, 201, 3, 6, 2, 6, 2, 6, 2, 3, 2, 4, 0, 2, 0, 1, 0, 0, 1] diff:[0, 0, 1, 0, 0, 0, 0, 0, 0, 0, 0, 0, 0, 0, 0, 0, 0, 0, 0, 0]
Iteration 320 New: [0, 0, 203, 3, 6, 2, 6, 2, 6, 2, 3, 2, 4, 0, 2, 0, 1, 0, 0, 1] diff:[0, 0, 1, 0, 0, 0, 0, 0, 0, 0, 0, 0, 0, 0, 0, 0, 0, 0, 0, 0]
Iteration 330 New: [0, 0, 211, 3, 6, 2, 6, 2, 6, 2, 3, 2, 4, 0, 2, 0, 1, 0, 0, 1] diff:[0, 0, -1, 0, 0, 0, 0, 0, 0, 0, 0, 0, 0, 0, 0, 0, 0, 0, 0, 0]
Iteration 340 New: [0, 0, 213, 3, 6, 2, 6, 2, 6, 2, 3, 2, 4, 0, 2, 0, 1, 0, 0, 1] diff:[0, 0, 1, 0, 0, 0, 0, 0, 0, 0, 0, 0, 0, 0, 0, 0, 0, 0, 0, 0]
Iteration 350 New: [0, 0, 221, 3, 6, 2, 6, 2, 6, 2, 3, 2, 4, 0, 2, 0, 1, 0, 0, 1] diff:[0, 0, 1, 0, 0, 0, 0, 0, 0, 0, 0, 0, 0, 0, 0, 0, 0, 0, 0, 0]
Iteration 360 New: [0, 0, 227, 3, 6, 2, 6, 2, 6, 2, 3, 2, 4, 0, 2, 0, 1, 0, 0, 1] diff:[0, 0, 1, 0, 0, 0, 0, 0, 0, 0, 0, 0, 0, 0, 0, 0, 0, 0, 0, 0]
Iteration 370 New: [0, 0, 235, 3, 6, 2, 6, 2, 6, 2, 3, 2, 4, 0, 2, 0, 1, 0, 0, 1] diff:[0, 0, 1, 0, 0, 0, 0, 0, 0, 0, 0, 0, 0, 0, 0, 0, 0, 0, 0, 0]
Iteration 380 New: [0, 0, 237, 3, 6, 2, 6, 2, 6, 2, 3, 2, 4, 0, 2, 0, 1, 0, 0, 1] diff:[0, 0, -1, 0, 0, 0, 0, 0, 0, 0, 0, 0, 0, 0, 0, 0, 0, 0, 0, 0]
Iteration 390 New: [0, 0, 241, 3, 6, 2, 6, 2, 6, 2, 3, 2, 4, 0, 2, 0, 1, 0, 0, 1] diff:[0, 0, 1, 0, 0, 0, 0, 0, 0, 0, 0, 0, 0, 0, 0, 0, 0, 0, 0, 0]
Iteration 400 New: [0, 0, 245, 3, 6, 2, 6, 2, 6, 2, 3, 2, 4, 0, 2, 0, 1, 0, 0, 1] diff:[0, 0, 1, 0, 0, 0, 0, 0, 0, 0, 0, 0, 0, 0, 0, 0, 0, 0, 0, 0]
Iteration 410 New: [0, 0, 253, 3, 6, 2, 6, 2, 6, 2, 3, 2, 4, 0, 2, 0, 1, 0, 0, 1] diff:[0, 0, 1, 0, 0, 0, 0, 0, 0, 0, 0, 0, 0, 0, 0, 0, 0, 0, 0, 0]
Iteration 420 New: [0, 0, 257, 3, 6, 2, 6, 2, 6, 2, 3, 2, 4, 0, 2, 0, 1, 0, 0, 1] diff:[0, 0, 1, 0, 0, 0, 0, 0, 0, 0, 0, 0, 0, 0, 0, 0, 0, 0, 0, 0]
Iteration 430 New: [0, 0, 257, 3, 6, 2, 6, 2, 6, 2, 3, 2, 4, 0, 2, 0, 1, 0, 0, 1] diff:[0, 0, -1, 0, 0, 0, 0, 0, 0, 0, 0, 0, 0, 0, 0, 0, 0, 0, 0, 0]
Iteration 440 New: [0, 0, 259, 3, 6, 2, 6, 2, 6, 2, 3, 2, 4, 0, 2, 0, 1, 0, 0, 1] diff:[0, 0, 1, 0, 0, 0, 0, 0, 0, 0, 0, 0, 0, 0, 0, 0, 0, 0, 0, 0]
Iteration 450 New: [0, 0, 265, 3, 6, 2, 6, 2, 6, 2, 3, 2, 4, 0, 2, 0, 1, 0, 0, 1] diff:[0, 0, 1, 0, 0, 0, 0, 0, 0, 0, 0, 0, 0, 0, 0, 0, 0, 0, 0, 0]
Iteration 460 New: [0, 0, 269, 3, 6, 2, 6, 2, 6, 2, 3, 2, 4, 0, 2, 0, 1, 0, 0, 1] diff:[0, 0, -1, 0, 0, 0, 0, 0, 0, 0, 0, 0, 0, 0, 0, 0, 0, 0, 0, 0]
Iteration 470 New: [0, 0, 273, 3, 6, 2, 6, 2, 6, 2, 3, 2, 4, 0, 2, 0, 1, 0, 0, 1] diff:[0, 0, 1, 0, 0, 0, 0, 0, 0, 0, 0, 0, 0, 0, 0, 0, 0, 0, 0, 0]
Iteration 480 New: [0, 0, 278, 4, 6, 2, 6, 2, 6, 2, 3, 2, 4, 0, 2, 0, 1, 0, 0, 1] diff:[0, 0, -1, 0, 0, 0, 0, 0, 0, 0, 0, 0, 0, 0, 0, 0, 0, 0, 0, 0]
Iteration 490 New: [0, 0, 284, 4, 6, 2, 6, 2, 6, 2, 3, 2, 4, 0, 2, 0, 1, 0, 0, 1] diff:[0, 0, 1, 0, 0, 0, 0, 0, 0, 0, 0, 0, 0, 0, 0, 0, 0, 0, 0, 0]
Iteration 500 New: [0, 0, 292, 4, 6, 2, 6, 2, 6, 2, 3, 2, 4, 0, 2, 0, 1, 0, 0, 1] diff:[0, 0, 1, 0, 0, 0, 0, 0, 0, 0, 0, 0, 0, 0, 0, 0, 0, 0, 0, 0]
Iteration 510 New: [0, 0, 290, 4, 6, 2, 6, 2, 6, 2, 3, 2, 4, 0, 2, 0, 1, 0, 0, 1] diff:[0, 0, 1, 0, 0, 0, 0, 0, 0, 0, 0, 0, 0, 0, 0, 0, 0, 0, 0, 0]
Iteration 520 New: [0, 0, 298, 4, 6, 2, 6, 2, 6, 2, 3, 2, 4, 0, 2, 0, 1, 0, 0, 1] diff:[0, 0, 1, 0, 0, 0, 0, 0, 0, 0, 0, 0, 0, 0, 0, 0, 0, 0, 0, 0]
Iteration 530 New: [0, 0, 302, 4, 6, 2, 6, 2, 6, 2, 3, 2, 4, 0, 2, 0, 1, 0, 0, 1] diff:[0, 0, 1, 0, 0, 0, 0, 0, 0, 0, 0, 0, 0, 0, 0, 0, 0, 0, 0, 0]
Iteration 540 New: [0, 0, 304, 4, 6, 2, 6, 2, 6, 2, 3, 2, 4, 0, 2, 0, 1, 0, 0, 1] diff:[0, 0, -1, 0, 0, 0, 0, 0, 0, 0, 0, 0, 0, 0, 0, 0, 0, 0, 0, 0]
Iteration 550 New: [0, 0, 306, 4, 6, 2, 6, 2, 6, 2, 3, 2, 4, 0, 2, 0, 1, 0, 0, 1] diff:[0, 0, -1, 0, 0, 0, 0, 0, 0, 0, 0, 0, 0, 0, 0, 0, 0, 0, 0, 0]
Iteration 560 New: [0, 0, 308, 4, 6, 2, 6, 2, 6, 2, 3, 2, 4, 0, 2, 0, 1, 0, 0, 1] diff:[0, 0, -1, 0, 0, 0, 0, 0, 0, 0, 0, 0, 0, 0, 0, 0, 0, 0, 0, 0]
Iteration 570 New: [0, 0, 308, 4, 6, 2, 6, 2, 6, 2, 3, 2, 4, 0, 2, 0, 1, 0, 0, 1] diff:[0, 0, -1, 0, 0, 0, 0, 0, 0, 0, 0, 0, 0, 0, 0, 0, 0, 0, 0, 0]
Iteration 580 New: [0, 0, 316, 4, 6, 2, 6, 2, 6, 2, 3, 2, 4, 0, 2, 0, 1, 0, 0, 1] diff:[0, 0, 1, 0, 0, 0, 0, 0, 0, 0, 0, 0, 0, 0, 0, 0, 0, 0, 0, 0]
Iteration 590 New: [0, 0, 318, 4, 6, 2, 6, 2, 6, 2, 3, 2, 4, 0, 2, 0, 1, 0, 0, 1] diff:[0, 0, -1, 0, 0, 0, 0, 0, 0, 0, 0, 0, 0, 0, 0, 0, 0, 0, 0, 0]
Iteration 600 New: [0, 0, 318, 4, 6, 2, 6, 2, 6, 2, 3, 2, 4, 0, 2, 0, 1, 0, 0, 1] diff:[0, 0, 1, 0, 0, 0, 0, 0, 0, 0, 0, 0, 0, 0, 0, 0, 0, 0, 0, 0]
Iteration 610 New: [0, 0, 320, 4, 6, 2, 6, 2, 6, 2, 3, 2, 4, 0, 2, 0, 1, 0, 0, 1] diff:[0, 0, 1, 0, 0, 0, 0, 0, 0, 0, 0, 0, 0, 0, 0, 0, 0, 0, 0, 0]
Iteration 620 New: [0, 0, 328, 4, 6, 2, 6, 2, 6, 2, 3, 2, 4, 0, 2, 0, 1, 0, 0, 1] diff:[0, 0, 1, 0, 0, 0, 0, 0, 0, 0, 0, 0, 0, 0, 0, 0, 0, 0, 0, 0]
Iteration 630 New: [0, 0, 332, 4, 6, 2, 6, 2, 6, 2, 3, 2, 4, 0, 2, 0, 1, 0, 0, 1] diff:[0, 0, 1, 0, 0, 0, 0, 0, 0, 0, 0, 0, 0, 0, 0, 0, 0, 0, 0, 0]
Iteration 640 New: [0, 0, 340, 4, 6, 2, 6, 2, 6, 2, 3, 2, 4, 0, 2, 0, 1, 0, 0, 1] diff:[0, 0, 1, 0, 0, 0, 0, 0, 0, 0, 0, 0, 0, 0, 0, 0, 0, 0, 0, 0]
Iteration 650 New: [0, 0, 348, 4, 6, 2, 6, 2, 6, 2, 3, 2, 4, 0, 2, 0, 1, 0, 0, 1] diff:[0, 0, 1, 0, 0, 0, 0, 0, 0, 0, 0, 0, 0, 0, 0, 0, 0, 0, 0, 0]
Iteration 660 New: [0, 0, 352, 4, 6, 2, 6, 2, 6, 2, 3, 2, 4, 0, 2, 0, 1, 0, 0, 1] diff:[0, 0, -1, 0, 0, 0, 0, 0, 0, 0, 0, 0, 0, 0, 0, 0, 0, 0, 0, 0]
Iteration 670 New: [0, 0, 356, 4, 6, 2, 6, 2, 6, 2, 3, 2, 4, 0, 2, 0, 1, 0, 0, 1] diff:[0, 0, 1, 0, 0, 0, 0, 0, 0, 0, 0, 0, 0, 0, 0, 0, 0, 0, 0, 0]
Iteration 680 New: [0, 0, 362, 4, 6, 2, 6, 2, 6, 2, 3, 2, 4, 0, 2, 0, 1, 0, 0, 1] diff:[0, 0, 1, 0, 0, 0, 0, 0, 0, 0, 0, 0, 0, 0, 0, 0, 0, 0, 0, 0]
Iteration 690 New: [0, 0, 360, 4, 6, 2, 6, 2, 6, 2, 3, 2, 4, 0, 2, 0, 1, 0, 0, 1] diff:[0, 0, 1, 0, 0, 0, 0, 0, 0, 0, 0, 0, 0, 0, 0, 0, 0, 0, 0, 0]
Iteration 700 New: [0, 0, 362, 4, 6, 2, 6, 2, 6, 2, 3, 2, 4, 0, 2, 0, 1, 0, 0, 1] diff:[0, 0, -1, 0, 0, 0, 0, 0, 0, 0, 0, 0, 0, 0, 0, 0, 0, 0, 0, 0]
Iteration 710 New: [0, 0, 364, 4, 6, 2, 6, 2, 6, 2, 3, 2, 4, 0, 2, 0, 1, 0, 0, 1] diff:[0, 0, -1, 0, 0, 0, 0, 0, 0, 0, 0, 0, 0, 0, 0, 0, 0, 0, 0, 0]
Iteration 720 New: [0, 0, 370, 4, 6, 2, 6, 2, 6, 2, 3, 2, 4, 0, 2, 0, 1, 0, 0, 1] diff:[0, 0, 1, 0, 0, 0, 0, 0, 0, 0, 0, 0, 0, 0, 0, 0, 0, 0, 0, 0]
Iteration 730 New: [0, 0, 376, 4, 6, 2, 6, 2, 6, 2, 3, 2, 4, 0, 2, 0, 1, 0, 0, 1] diff:[0, 0, -1, 0, 0, 0, 0, 0, 0, 0, 0, 0, 0, 0, 0, 0, 0, 0, 0, 0]
Iteration 740 New: [0, 0, 382, 4, 6, 2, 6, 2, 6, 2, 3, 2, 4, 0, 2, 0, 1, 0, 0, 1] diff:[0, 0, 1, 0, 0, 0, 0, 0, 0, 0, 0, 0, 0, 0, 0, 0, 0, 0, 0, 0]
Iteration 750 New: [0, 0, 386, 4, 6, 2, 6, 2, 6, 2, 3, 2, 4, 0, 2, 0, 1, 0, 0, 1] diff:[0, 0, 1, 0, 0, 0, 0, 0, 0, 0, 0, 0, 0, 0, 0, 0, 0, 0, 0, 0]
Iteration 760 New: [0, 0, 389, 5, 6, 2, 6, 2, 6, 2, 3, 2, 4, 0, 2, 0, 1, 0, 0, 1] diff:[0, 0, 1, 0, 0, 0, 0, 0, 0, 0, 0, 0, 0, 0, 0, 0, 0, 0, 0, 0]
Iteration 770 New: [0, 0, 393, 5, 6, 2, 6, 2, 6, 2, 3, 2, 4, 0, 2, 0, 1, 0, 0, 1] diff:[0, 0, 1, 0, 0, 0, 0, 0, 0, 0, 0, 0, 0, 0, 0, 0, 0, 0, 0, 0]
Iteration 780 New: [0, 0, 397, 5, 6, 2, 6, 2, 6, 2, 3, 2, 4, 0, 2, 0, 1, 0, 0, 1] diff:[0, 0, 1, 0, 0, 0, 0, 0, 0, 0, 0, 0, 0, 0, 0, 0, 0, 0, 0, 0]
Iteration 790 New: [0, 0, 397, 5, 6, 2, 6, 2, 6, 2, 3, 2, 4, 0, 2, 0, 1, 0, 0, 1] diff:[0, 0, -1, 0, 0, 0, 0, 0, 0, 0, 0, 0, 0, 0, 0, 0, 0, 0, 0, 0]
Iteration 800 New: [0, 0, 407, 5, 6, 2, 6, 2, 6, 2, 3, 2, 4, 0, 2, 0, 1, 0, 0, 1] diff:[0, 0, 1, 0, 0, 0, 0, 0, 0, 0, 0, 0, 0, 0, 0, 0, 0, 0, 0, 0]
Iteration 810 New: [0, 0, 411, 5, 6, 2, 6, 2, 6, 2, 3, 2, 4, 0, 2, 0, 1, 0, 0, 1] diff:[0, 0, -1, 0, 0, 0, 0, 0, 0, 0, 0, 0, 0, 0, 0, 0, 0, 0, 0, 0]
Iteration 820 New: [0, 0, 413, 5, 6, 2, 6, 2, 6, 2, 3, 2, 4, 0, 2, 0, 1, 0, 0, 1] diff:[0, 0, -1, 0, 0, 0, 0, 0, 0, 0, 0, 0, 0, 0, 0, 0, 0, 0, 0, 0]
Iteration 830 New: [0, 0, 417, 5, 6, 2, 6, 2, 6, 2, 3, 2, 4, 0, 2, 0, 1, 0, 0, 1] diff:[0, 0, 1, 0, 0, 0, 0, 0, 0, 0, 0, 0, 0, 0, 0, 0, 0, 0, 0, 0]
Iteration 840 New: [0, 0, 421, 5, 6, 2, 6, 2, 6, 2, 3, 2, 4, 0, 2, 0, 1, 0, 0, 1] diff:[0, 0, -1, 0, 0, 0, 0, 0, 0, 0, 0, 0, 0, 0, 0, 0, 0, 0, 0, 0]
Iteration 850 New: [0, 0, 427, 5, 6, 2, 6, 2, 6, 2, 3, 2, 4, 0, 2, 0, 1, 0, 0, 1] diff:[0, 0, 1, 0, 0, 0, 0, 0, 0, 0, 0, 0, 0, 0, 0, 0, 0, 0, 0, 0]
Iteration 860 New: [0, 0, 433, 5, 6, 2, 6, 2, 6, 2, 3, 2, 4, 0, 2, 0, 1, 0, 0, 1] diff:[0, 0, 1, 0, 0, 0, 0, 0, 0, 0, 0, 0, 0, 0, 0, 0, 0, 0, 0, 0]
Iteration 870 New: [0, 0, 439, 5, 6, 2, 6, 2, 6, 2, 3, 2, 4, 0, 2, 0, 1, 0, 0, 1] diff:[0, 0, 1, 0, 0, 0, 0, 0, 0, 0, 0, 0, 0, 0, 0, 0, 0, 0, 0, 0]
Iteration 880 New: [0, 0, 445, 5, 6, 2, 6, 2, 6, 2, 3, 2, 4, 0, 2, 0, 1, 0, 0, 1] diff:[0, 0, 1, 0, 0, 0, 0, 0, 0, 0, 0, 0, 0, 0, 0, 0, 0, 0, 0, 0]
Iteration 890 New: [0, 0, 451, 5, 6, 2, 6, 2, 6, 2, 3, 2, 4, 0, 2, 0, 1, 0, 0, 1] diff:[0, 0, -1, 0, 0, 0, 0, 0, 0, 0, 0, 0, 0, 0, 0, 0, 0, 0, 0, 0]
Iteration 900 New: [0, 0, 455, 5, 6, 2, 6, 2, 6, 2, 3, 2, 4, 0, 2, 0, 1, 0, 0, 1] diff:[0, 0, 1, 0, 0, 0, 0, 0, 0, 0, 0, 0, 0, 0, 0, 0, 0, 0, 0, 0]
Iteration 910 New: [0, 0, 461, 5, 6, 2, 6, 2, 6, 2, 3, 2, 4, 0, 2, 0, 1, 0, 0, 1] diff:[0, 0, 1, 0, 0, 0, 0, 0, 0, 0, 0, 0, 0, 0, 0, 0, 0, 0, 0, 0]
Iteration 920 New: [0, 0, 457, 5, 6, 2, 6, 2, 6, 2, 3, 2, 4, 0, 2, 0, 1, 0, 0, 1] diff:[0, 0, 1, 0, 0, 0, 0, 0, 0, 0, 0, 0, 0, 0, 0, 0, 0, 0, 0, 0]
Iteration 930 New: [0, 0, 455, 5, 6, 2, 6, 2, 6, 2, 3, 2, 4, 0, 2, 0, 1, 0, 0, 1] diff:[0, 0, -1, 0, 0, 0, 0, 0, 0, 0, 0, 0, 0, 0, 0, 0, 0, 0, 0, 0]
Iteration 940 New: [0, 0, 457, 5, 6, 2, 6, 2, 6, 2, 3, 2, 4, 0, 2, 0, 1, 0, 0, 1] diff:[0, 0, 1, 0, 0, 0, 0, 0, 0, 0, 0, 0, 0, 0, 0, 0, 0, 0, 0, 0]
Iteration 950 New: [0, 0, 459, 5, 6, 2, 6, 2, 6, 2, 3, 2, 4, 0, 2, 0, 1, 0, 0, 1] diff:[0, 0, 1, 0, 0, 0, 0, 0, 0, 0, 0, 0, 0, 0, 0, 0, 0, 0, 0, 0]
Iteration 960 New: [0, 0, 457, 5, 6, 2, 6, 2, 6, 2, 3, 2, 4, 0, 2, 0, 1, 0, 0, 1] diff:[0, 0, 1, 0, 0, 0, 0, 0, 0, 0, 0, 0, 0, 0, 0, 0, 0, 0, 0, 0]
Iteration 970 New: [0, 0, 461, 5, 6, 2, 6, 2, 6, 2, 3, 2, 4, 0, 2, 0, 1, 0, 0, 1] diff:[0, 0, 1, 0, 0, 0, 0, 0, 0, 0, 0, 0, 0, 0, 0, 0, 0, 0, 0, 0]
Iteration 980 New: [0, 0, 463, 5, 6, 2, 6, 2, 6, 2, 3, 2, 4, 0, 2, 0, 1, 0, 0, 1] diff:[0, 0, 1, 0, 0, 0, 0, 0, 0, 0, 0, 0, 0, 0, 0, 0, 0, 0, 0, 0]
Iteration 990 New: [0, 0, 463, 5, 6, 2, 6, 2, 6, 2, 3, 2, 4, 0, 2, 0, 1, 0, 0, 1] diff:[0, 0, 1, 0, 0, 0, 0, 0, 0, 0, 0, 0, 0, 0, 0, 0, 0, 0, 0, 0]
Iteration 1000 New: [0, 0, 467, 5, 6, 2, 6, 2, 6, 2, 3, 2, 4, 0, 2, 0, 1, 0, 0, 1] diff:[0, 0, 1, 0, 0, 0, 0, 0, 0, 0, 0, 0, 0, 0, 0, 0, 0, 0, 0, 0]
Iteration 1010 New: [0, 0, 471, 5, 6, 2, 6, 2, 6, 2, 3, 2, 4, 0, 2, 0, 1, 0, 0, 1] diff:[0, 0, 1, 0, 0, 0, 0, 0, 0, 0, 0, 0, 0, 0, 0, 0, 0, 0, 0, 0]
Iteration 1020 New: [0, 0, 475, 5, 6, 2, 6, 2, 6, 2, 3, 2, 4, 0, 2, 0, 1, 0, 0, 1] diff:[0, 0, 1, 0, 0, 0, 0, 0, 0, 0, 0, 0, 0, 0, 0, 0, 0, 0, 0, 0]
Iteration 1030 New: [0, 0, 479, 5, 6, 2, 6, 2, 6, 2, 3, 2, 4, 0, 2, 0, 1, 0, 0, 1] diff:[0, 0, -1, 0, 0, 0, 0, 0, 0, 0, 0, 0, 0, 0, 0, 0, 0, 0, 0, 0]
Iteration 1040 New: [0, 0, 481, 5, 6, 2, 6, 2, 6, 2, 3, 2, 4, 0, 2, 0, 1, 0, 0, 1] diff:[0, 0, -1, 0, 0, 0, 0, 0, 0, 0, 0, 0, 0, 0, 0, 0, 0, 0, 0, 0]
Iteration 1050 New: [0, 0, 479, 5, 6, 2, 6, 2, 6, 2, 3, 2, 4, 0, 2, 0, 1, 0, 0, 1] diff:[0, 0, -1, 0, 0, 0, 0, 0, 0, 0, 0, 0, 0, 0, 0, 0, 0, 0, 0, 0]
Iteration 1060 New: [0, 0, 479, 5, 6, 2, 6, 2, 6, 2, 3, 2, 4, 0, 2, 0, 1, 0, 0, 1] diff:[0, 0, 1, 0, 0, 0, 0, 0, 0, 0, 0, 0, 0, 0, 0, 0, 0, 0, 0, 0]
Iteration 1070 New: [0, 0, 483, 5, 6, 2, 6, 2, 6, 2, 3, 2, 4, 0, 2, 0, 1, 0, 0, 1] diff:[0, 0, -1, 0, 0, 0, 0, 0, 0, 0, 0, 0, 0, 0, 0, 0, 0, 0, 0, 0]
Iteration 1080 New: [0, 0, 487, 5, 6, 2, 6, 2, 6, 2, 3, 2, 4, 0, 2, 0, 1, 0, 0, 1] diff:[0, 0, 1, 0, 0, 0, 0, 0, 0, 0, 0, 0, 0, 0, 0, 0, 0, 0, 0, 0]
Iteration 1090 New: [0, 0, 491, 5, 6, 2, 6, 2, 6, 2, 3, 2, 4, 0, 2, 0, 1, 0, 0, 1] diff:[0, 0, 1, 0, 0, 0, 0, 0, 0, 0, 0, 0, 0, 0, 0, 0, 0, 0, 0, 0]
Iteration 1100 New: [0, 0, 493, 5, 6, 2, 6, 2, 6, 2, 3, 2, 4, 0, 2, 0, 1, 0, 0, 1] diff:[0, 0, 1, 0, 0, 0, 0, 0, 0, 0, 0, 0, 0, 0, 0, 0, 0, 0, 0, 0]
Iteration 1110 New: [0, 0, 498, 6, 6, 2, 6, 2, 6, 2, 3, 2, 4, 0, 2, 0, 1, 0, 0, 1] diff:[0, 0, 1, 0, 0, 0, 0, 0, 0, 0, 0, 0, 0, 0, 0, 0, 0, 0, 0, 0]
Iteration 1120 New: [0, 0, 498, 6, 6, 2, 6, 2, 6, 2, 3, 2, 4, 0, 2, 0, 1, 0, 0, 1] diff:[0, 0, 1, 0, 0, 0, 0, 0, 0, 0, 0, 0, 0, 0, 0, 0, 0, 0, 0, 0]
Iteration 1130 New: [0, 0, 500, 6, 6, 2, 6, 2, 6, 2, 3, 2, 4, 0, 2, 0, 1, 0, 0, 1] diff:[0, 0, 1, 0, 0, 0, 0, 0, 0, 0, 0, 0, 0, 0, 0, 0, 0, 0, 0, 0]
Iteration 1140 New: [0, 0, 504, 6, 6, 2, 6, 2, 6, 2, 3, 2, 4, 0, 2, 0, 1, 0, 0, 1] diff:[0, 0, 1, 0, 0, 0, 0, 0, 0, 0, 0, 0, 0, 0, 0, 0, 0, 0, 0, 0]
Iteration 1150 New: [0, 0, 506, 6, 6, 2, 6, 2, 6, 2, 3, 2, 4, 0, 2, 0, 1, 0, 0, 1] diff:[0, 0, 1, 0, 0, 0, 0, 0, 0, 0, 0, 0, 0, 0, 0, 0, 0, 0, 0, 0]
Iteration 1160 New: [0, 0, 504, 6, 6, 2, 6, 2, 6, 2, 3, 2, 4, 0, 2, 0, 1, 0, 0, 1] diff:[0, 0, -1, 0, 0, 0, 0, 0, 0, 0, 0, 0, 0, 0, 0, 0, 0, 0, 0, 0]
Iteration 1170 New: [0, 0, 508, 6, 6, 2, 6, 2, 6, 2, 3, 2, 4, 0, 2, 0, 1, 0, 0, 1] diff:[0, 0, 1, 0, 0, 0, 0, 0, 0, 0, 0, 0, 0, 0, 0, 0, 0, 0, 0, 0]
Iteration 1180 New: [0, 0, 517, 6, 6, 2, 6, 2, 6, 2, 3, 2, 4, 0, 2, 0, 1, 0, 0, 0] diff:[0, 0, 1, 0, 0, 0, 0, 0, 0, 0, 0, 0, 0, 0, 0, 0, 0, 0, 0, 0]
Iteration 1190 New: [0, 0, 527, 6, 6, 2, 6, 2, 6, 2, 3, 2, 4, 0, 2, 0, 1, 0, 0, 0] diff:[0, 0, 1, 0, 0, 0, 0, 0, 0, 0, 0, 0, 0, 0, 0, 0, 0, 0, 0, 0]
Iteration 1200 New: [0, 0, 535, 6, 6, 2, 6, 2, 6, 2, 3, 2, 4, 0, 2, 0, 1, 0, 0, 0] diff:[0, 0, 1, 0, 0, 0, 0, 0, 0, 0, 0, 0, 0, 0, 0, 0, 0, 0, 0, 0]
Iteration 1210 New: [0, 0, 545, 6, 6, 2, 6, 2, 6, 2, 3, 2, 4, 0, 2, 0, 1, 0, 0, 0] diff:[0, 0, 1, 0, 0, 0, 0, 0, 0, 0, 0, 0, 0, 0, 0, 0, 0, 0, 0, 0]
Iteration 1220 New: [0, 0, 553, 6, 6, 2, 6, 2, 6, 2, 3, 2, 4, 0, 2, 0, 1, 0, 0, 0] diff:[0, 0, 1, 0, 0, 0, 0, 0, 0, 0, 0, 0, 0, 0, 0, 0, 0, 0, 0, 0]
Iteration 1230 New: [0, 0, 563, 6, 6, 2, 6, 2, 6, 2, 3, 2, 4, 0, 2, 0, 1, 0, 0, 0] diff:[0, 0, 1, 0, 0, 0, 0, 0, 0, 0, 0, 0, 0, 0, 0, 0, 0, 0, 0, 0]
Iteration 1240 New: [0, 0, 573, 6, 6, 2, 6, 2, 6, 2, 3, 2, 4, 0, 2, 0, 1, 0, 0, 0] diff:[0, 0, 1, 0, 0, 0, 0, 0, 0, 0, 0, 0, 0, 0, 0, 0, 0, 0, 0, 0]
Iteration 1250 New: [0, 0, 581, 6, 6, 2, 6, 2, 6, 2, 3, 2, 4, 0, 2, 0, 1, 0, 0, 0] diff:[0, 0, 1, 0, 0, 0, 0, 0, 0, 0, 0, 0, 0, 0, 0, 0, 0, 0, 0, 0]
Iteration 1260 New: [0, 0, 589, 6, 6, 2, 6, 2, 6, 2, 3, 2, 4, 0, 2, 0, 1, 0, 0, 0] diff:[0, 0, 1, 0, 0, 0, 0, 0, 0, 0, 0, 0, 0, 0, 0, 0, 0, 0, 0, 0]
Iteration 1270 New: [0, 0, 597, 6, 6, 2, 6, 2, 6, 2, 3, 2, 4, 0, 2, 0, 1, 0, 0, 0] diff:[0, 0, 1, 0, 0, 0, 0, 0, 0, 0, 0, 0, 0, 0, 0, 0, 0, 0, 0, 0]
Iteration 1280 New: [0, 0, 607, 6, 6, 2, 6, 2, 6, 2, 3, 2, 4, 0, 2, 0, 1, 0, 0, 0] diff:[0, 0, 1, 0, 0, 0, 0, 0, 0, 0, 0, 0, 0, 0, 0, 0, 0, 0, 0, 0]
Iteration 1290 New: [0, 0, 615, 6, 6, 2, 6, 2, 6, 2, 3, 2, 4, 0, 2, 0, 1, 0, 0, 0] diff:[0, 0, 1, 0, 0, 0, 0, 0, 0, 0, 0, 0, 0, 0, 0, 0, 0, 0, 0, 0]
Iteration 1300 New: [0, 0, 621, 6, 6, 2, 6, 2, 6, 2, 3, 2, 4, 0, 2, 0, 1, 0, 0, 0] diff:[0, 0, -1, 0, 0, 0, 0, 0, 0, 0, 0, 0, 0, 0, 0, 0, 0, 0, 0, 0]
Iteration 1310 New: [0, 0, 629, 6, 6, 2, 6, 2, 6, 2, 3, 2, 4, 0, 2, 0, 1, 0, 0, 0] diff:[0, 0, -1, 0, 0, 0, 0, 0, 0, 0, 0, 0, 0, 0, 0, 0, 0, 0, 0, 0]
Iteration 1320 New: [0, 0, 639, 6, 6, 2, 6, 2, 6, 2, 3, 2, 4, 0, 2, 0, 1, 0, 0, 0] diff:[0, 0, 1, 0, 0, 0, 0, 0, 0, 0, 0, 0, 0, 0, 0, 0, 0, 0, 0, 0]
Iteration 1330 New: [0, 0, 645, 6, 6, 2, 6, 2, 6, 2, 3, 2, 4, 0, 2, 0, 1, 0, 0, 0] diff:[0, 0, 1, 0, 0, 0, 0, 0, 0, 0, 0, 0, 0, 0, 0, 0, 0, 0, 0, 0]
Iteration 1340 New: [0, 0, 649, 6, 6, 2, 6, 2, 6, 2, 3, 2, 4, 0, 2, 0, 1, 0, 0, 0] diff:[0, 0, 1, 0, 0, 0, 0, 0, 0, 0, 0, 0, 0, 0, 0, 0, 0, 0, 0, 0]
Iteration 1350 New: [0, 0, 655, 6, 6, 2, 6, 2, 6, 2, 3, 2, 4, 0, 2, 0, 1, 0, 0, 0] diff:[0, 0, -1, 0, 0, 0, 0, 0, 0, 0, 0, 0, 0, 0, 0, 0, 0, 0, 0, 0]
Iteration 1360 New: [0, 0, 653, 6, 6, 2, 6, 2, 6, 2, 3, 2, 4, 0, 2, 0, 1, 0, 0, 0] diff:[0, 0, -1, 0, 0, 0, 0, 0, 0, 0, 0, 0, 0, 0, 0, 0, 0, 0, 0, 0]
Iteration 1370 New: [0, 0, 655, 6, 6, 2, 6, 2, 6, 2, 3, 2, 4, 0, 2, 0, 1, 0, 0, 0] diff:[0, 0, -1, 0, 0, 0, 0, 0, 0, 0, 0, 0, 0, 0, 0, 0, 0, 0, 0, 0]
Iteration 1380 New: [0, 0, 661, 6, 6, 2, 6, 2, 6, 2, 3, 2, 4, 0, 2, 0, 1, 0, 0, 0] diff:[0, 0, 1, 0, 0, 0, 0, 0, 0, 0, 0, 0, 0, 0, 0, 0, 0, 0, 0, 0]
Iteration 1390 New: [0, 0, 667, 6, 6, 2, 6, 2, 6, 2, 3, 2, 4, 0, 2, 0, 1, 0, 0, 0] diff:[0, 0, 1, 0, 0, 0, 0, 0, 0, 0, 0, 0, 0, 0, 0, 0, 0, 0, 0, 0]
Iteration 1400 New: [0, 0, 673, 6, 6, 2, 6, 2, 6, 2, 3, 2, 4, 0, 2, 0, 1, 0, 0, 0] diff:[0, 0, 1, 0, 0, 0, 0, 0, 0, 0, 0, 0, 0, 0, 0, 0, 0, 0, 0, 0]
Iteration 1410 New: [0, 0, 681, 6, 6, 2, 6, 2, 6, 2, 3, 2, 4, 0, 2, 0, 1, 0, 0, 0] diff:[0, 0, 1, 0, 0, 0, 0, 0, 0, 0, 0, 0, 0, 0, 0, 0, 0, 0, 0, 0]
Iteration 1420 New: [0, 0, 689, 6, 6, 2, 6, 2, 6, 2, 3, 2, 4, 0, 2, 0, 1, 0, 0, 0] diff:[0, 0, 1, 0, 0, 0, 0, 0, 0, 0, 0, 0, 0, 0, 0, 0, 0, 0, 0, 0]
Iteration 1430 New: [0, 0, 695, 6, 6, 2, 6, 2, 6, 2, 3, 2, 4, 0, 2, 0, 1, 0, 0, 0] diff:[0, 0, 1, 0, 0, 0, 0, 0, 0, 0, 0, 0, 0, 0, 0, 0, 0, 0, 0, 0]
Iteration 1440 New: [0, 0, 701, 6, 6, 2, 6, 2, 6, 2, 3, 2, 4, 0, 2, 0, 1, 0, 0, 0] diff:[0, 0, 1, 0, 0, 0, 0, 0, 0, 0, 0, 0, 0, 0, 0, 0, 0, 0, 0, 0]
Iteration 1450 New: [0, 0, 707, 6, 6, 2, 6, 2, 6, 2, 3, 2, 4, 0, 2, 0, 1, 0, 0, 0] diff:[0, 0, 1, 0, 0, 0, 0, 0, 0, 0, 0, 0, 0, 0, 0, 0, 0, 0, 0, 0]
Iteration 1460 New: [0, 0, 713, 6, 6, 2, 6, 2, 6, 2, 3, 2, 4, 0, 2, 0, 1, 0, 0, 0] diff:[0, 0, 1, 0, 0, 0, 0, 0, 0, 0, 0, 0, 0, 0, 0, 0, 0, 0, 0, 0]
Iteration 1470 New: [0, 0, 715, 6, 6, 2, 6, 2, 6, 2, 3, 2, 4, 0, 2, 0, 1, 0, 0, 0] diff:[0, 0, -1, 0, 0, 0, 0, 0, 0, 0, 0, 0, 0, 0, 0, 0, 0, 0, 0, 0]
Iteration 1480 New: [0, 0, 723, 6, 6, 2, 6, 2, 6, 2, 3, 2, 4, 0, 2, 0, 1, 0, 0, 0] diff:[0, 0, 1, 0, 0, 0, 0, 0, 0, 0, 0, 0, 0, 0, 0, 0, 0, 0, 0, 0]
Iteration 1490 New: [0, 0, 729, 6, 6, 2, 6, 2, 6, 2, 3, 2, 4, 0, 2, 0, 1, 0, 0, 0] diff:[0, 0, 1, 0, 0, 0, 0, 0, 0, 0, 0, 0, 0, 0, 0, 0, 0, 0, 0, 0]
Iteration 1500 New: [0, 0, 739, 6, 6, 2, 6, 2, 6, 2, 3, 2, 4, 0, 2, 0, 1, 0, 0, 0] diff:[0, 0, 1, 0, 0, 0, 0, 0, 0, 0, 0, 0, 0, 0, 0, 0, 0, 0, 0, 0]
Iteration 1510 New: [0, 0, 745, 6, 6, 2, 6, 2, 6, 2, 3, 2, 4, 0, 2, 0, 1, 0, 0, 0] diff:[0, 0, 1, 0, 0, 0, 0, 0, 0, 0, 0, 0, 0, 0, 0, 0, 0, 0, 0, 0]
Iteration 1520 New: [0, 0, 753, 6, 6, 2, 6, 2, 6, 2, 3, 2, 4, 0, 2, 0, 1, 0, 0, 0] diff:[0, 0, 1, 0, 0, 0, 0, 0, 0, 0, 0, 0, 0, 0, 0, 0, 0, 0, 0, 0]
Iteration 1530 New: [0, 0, 759, 6, 6, 2, 6, 2, 6, 2, 3, 2, 4, 0, 2, 0, 1, 0, 0, 0] diff:[0, 0, 1, 0, 0, 0, 0, 0, 0, 0, 0, 0, 0, 0, 0, 0, 0, 0, 0, 0]
Iteration 1540 New: [0, 0, 763, 6, 6, 2, 6, 2, 6, 2, 3, 2, 4, 0, 2, 0, 1, 0, 0, 0] diff:[0, 0, 1, 0, 0, 0, 0, 0, 0, 0, 0, 0, 0, 0, 0, 0, 0, 0, 0, 0]
Iteration 1550 New: [0, 0, 766, 7, 6, 2, 6, 2, 6, 2, 3, 2, 4, 0, 2, 0, 1, 0, 0, 0] diff:[0, 0, -1, 0, 0, 0, 0, 0, 0, 0, 0, 0, 0, 0, 0, 0, 0, 0, 0, 0]
Iteration 1560 New: [0, 0, 771, 8, 6, 2, 6, 2, 6, 2, 3, 2, 4, 0, 2, 0, 1, 0, 0, 0] diff:[0, 0, 1, 0, 0, 0, 0, 0, 0, 0, 0, 0, 0, 0, 0, 0, 0, 0, 0, 0]
Iteration 1570 New: [0, 0, 781, 8, 6, 2, 6, 2, 6, 2, 3, 2, 4, 0, 2, 0, 1, 0, 0, 0] diff:[0, 0, 1, 0, 0, 0, 0, 0, 0, 0, 0, 0, 0, 0, 0, 0, 0, 0, 0, 0]
Iteration 1580 New: [0, 0, 791, 8, 6, 2, 6, 2, 6, 2, 3, 2, 4, 0, 2, 0, 1, 0, 0, 0] diff:[0, 0, 1, 0, 0, 0, 0, 0, 0, 0, 0, 0, 0, 0, 0, 0, 0, 0, 0, 0]
Iteration 1590 New: [0, 0, 792, 8, 6, 2, 6, 2, 6, 2, 3, 2, 4, 0, 2, 0, 0, 0, 0, 0] diff:[0, 0, 1, 0, 0, 0, 0, 0, 0, 0, 0, 0, 0, 0, 0, 0, 0, 0, 0, 0]
Iteration 1600 New: [0, 0, 802, 8, 6, 2, 6, 2, 6, 2, 3, 2, 4, 0, 2, 0, 0, 0, 0, 0] diff:[0, 0, 1, 0, 0, 0, 0, 0, 0, 0, 0, 0, 0, 0, 0, 0, 0, 0, 0, 0]
Iteration 1610 New: [0, 0, 810, 8, 6, 2, 6, 2, 6, 2, 3, 2, 4, 0, 2, 0, 0, 0, 0, 0] diff:[0, 0, 1, 0, 0, 0, 0, 0, 0, 0, 0, 0, 0, 0, 0, 0, 0, 0, 0, 0]
Iteration 1620 New: [0, 0, 820, 8, 6, 2, 6, 2, 6, 2, 3, 2, 4, 0, 2, 0, 0, 0, 0, 0] diff:[0, 0, 1, 0, 0, 0, 0, 0, 0, 0, 0, 0, 0, 0, 0, 0, 0, 0, 0, 0]
Iteration 1630 New: [0, 0, 830, 8, 6, 2, 6, 2, 6, 2, 3, 2, 4, 0, 2, 0, 0, 0, 0, 0] diff:[0, 0, 1, 0, 0, 0, 0, 0, 0, 0, 0, 0, 0, 0, 0, 0, 0, 0, 0, 0]
Iteration 1640 New: [0, 0, 837, 9, 6, 2, 6, 2, 6, 2, 3, 2, 4, 0, 2, 0, 0, 0, 0, 0] diff:[0, 0, 0, 1, 0, 0, 0, 0, 0, 0, 0, 0, 0, 0, 0, 0, 0, 0, 0, 0]
Iteration 1650 New: [0, 0, 843, 9, 6, 2, 6, 2, 6, 2, 3, 2, 4, 0, 2, 0, 0, 0, 0, 0] diff:[0, 0, 1, 0, 0, 0, 0, 0, 0, 0, 0, 0, 0, 0, 0, 0, 0, 0, 0, 0]
Iteration 1660 New: [0, 0, 851, 9, 6, 2, 6, 2, 6, 2, 3, 2, 4, 0, 2, 0, 0, 0, 0, 0] diff:[0, 0, 1, 0, 0, 0, 0, 0, 0, 0, 0, 0, 0, 0, 0, 0, 0, 0, 0, 0]
Iteration 1670 New: [0, 0, 861, 9, 6, 2, 6, 2, 6, 2, 3, 2, 4, 0, 2, 0, 0, 0, 0, 0] diff:[0, 0, 1, 0, 0, 0, 0, 0, 0, 0, 0, 0, 0, 0, 0, 0, 0, 0, 0, 0]
Iteration 1680 New: [0, 0, 865, 9, 6, 2, 6, 2, 6, 2, 3, 2, 4, 0, 2, 0, 0, 0, 0, 0] diff:[0, 0, 1, 0, 0, 0, 0, 0, 0, 0, 0, 0, 0, 0, 0, 0, 0, 0, 0, 0]
Iteration 1690 New: [0, 0, 875, 9, 6, 2, 6, 2, 6, 2, 3, 2, 4, 0, 2, 0, 0, 0, 0, 0] diff:[0, 0, 1, 0, 0, 0, 0, 0, 0, 0, 0, 0, 0, 0, 0, 0, 0, 0, 0, 0]
Iteration 1700 New: [0, 0, 881, 9, 6, 2, 6, 2, 6, 2, 3, 2, 4, 0, 2, 0, 0, 0, 0, 0] diff:[0, 0, 1, 0, 0, 0, 0, 0, 0, 0, 0, 0, 0, 0, 0, 0, 0, 0, 0, 0]
Iteration 1710 New: [0, 0, 891, 9, 6, 2, 6, 2, 6, 2, 3, 2, 4, 0, 2, 0, 0, 0, 0, 0] diff:[0, 0, 1, 0, 0, 0, 0, 0, 0, 0, 0, 0, 0, 0, 0, 0, 0, 0, 0, 0]
Iteration 1720 New: [0, 0, 899, 9, 6, 2, 6, 2, 6, 2, 3, 2, 4, 0, 2, 0, 0, 0, 0, 0] diff:[0, 0, 1, 0, 0, 0, 0, 0, 0, 0, 0, 0, 0, 0, 0, 0, 0, 0, 0, 0]
Iteration 1730 New: [0, 0, 907, 9, 6, 2, 6, 2, 6, 2, 3, 2, 4, 0, 2, 0, 0, 0, 0, 0] diff:[0, 0, 1, 0, 0, 0, 0, 0, 0, 0, 0, 0, 0, 0, 0, 0, 0, 0, 0, 0]
Iteration 1740 New: [0, 0, 917, 9, 6, 2, 6, 2, 6, 2, 3, 2, 4, 0, 2, 0, 0, 0, 0, 0] diff:[0, 0, 1, 0, 0, 0, 0, 0, 0, 0, 0, 0, 0, 0, 0, 0, 0, 0, 0, 0]
Iteration 1750 New: [0, 0, 923, 9, 6, 2, 6, 2, 6, 2, 3, 2, 4, 0, 2, 0, 0, 0, 0, 0] diff:[0, 0, 1, 0, 0, 0, 0, 0, 0, 0, 0, 0, 0, 0, 0, 0, 0, 0, 0, 0]
Iteration 1760 New: [0, 0, 931, 9, 6, 2, 6, 2, 6, 2, 3, 2, 4, 0, 2, 0, 0, 0, 0, 0] diff:[0, 0, 1, 0, 0, 0, 0, 0, 0, 0, 0, 0, 0, 0, 0, 0, 0, 0, 0, 0]
Iteration 1770 New: [0, 0, 935, 9, 6, 2, 6, 2, 6, 2, 3, 2, 4, 0, 2, 0, 0, 0, 0, 0] diff:[0, 0, 1, 0, 0, 0, 0, 0, 0, 0, 0, 0, 0, 0, 0, 0, 0, 0, 0, 0]
Iteration 1780 New: [0, 0, 941, 9, 6, 2, 6, 2, 6, 2, 3, 2, 4, 0, 2, 0, 0, 0, 0, 0] diff:[0, 0, -1, 0, 0, 0, 0, 0, 0, 0, 0, 0, 0, 0, 0, 0, 0, 0, 0, 0]
Iteration 1790 New: [0, 0, 949, 9, 6, 2, 6, 2, 6, 2, 3, 2, 4, 0, 2, 0, 0, 0, 0, 0] diff:[0, 0, 1, 0, 0, 0, 0, 0, 0, 0, 0, 0, 0, 0, 0, 0, 0, 0, 0, 0]
Iteration 1800 New: [0, 0, 953, 9, 6, 2, 6, 2, 6, 2, 3, 2, 4, 0, 2, 0, 0, 0, 0, 0] diff:[0, 0, 1, 0, 0, 0, 0, 0, 0, 0, 0, 0, 0, 0, 0, 0, 0, 0, 0, 0]
Iteration 1810 New: [0, 0, 961, 10, 6, 2, 6, 2, 6, 2, 3, 2, 4, 0, 1, 0, 0, 0, 0, 0] diff:[0, 0, 1, 0, 0, 0, 0, 0, 0, 0, 0, 0, 0, 0, 0, 0, 0, 0, 0, 0]
Iteration 1820 New: [0, 0, 971, 10, 6, 2, 6, 2, 6, 2, 3, 2, 4, 0, 1, 0, 0, 0, 0, 0] diff:[0, 0, 1, 0, 0, 0, 0, 0, 0, 0, 0, 0, 0, 0, 0, 0, 0, 0, 0, 0]
Iteration 1830 New: [0, 0, 979, 10, 6, 2, 6, 2, 6, 2, 3, 2, 4, 0, 1, 0, 0, 0, 0, 0] diff:[0, 0, 1, 0, 0, 0, 0, 0, 0, 0, 0, 0, 0, 0, 0, 0, 0, 0, 0, 0]
Iteration 1840 New: [0, 0, 985, 10, 6, 2, 6, 2, 6, 2, 3, 2, 4, 0, 1, 0, 0, 0, 0, 0] diff:[0, 0, -1, 0, 0, 0, 0, 0, 0, 0, 0, 0, 0, 0, 0, 0, 0, 0, 0, 0]
Iteration 1850 New: [0, 0, 993, 10, 6, 2, 6, 2, 6, 2, 3, 2, 4, 0, 1, 0, 0, 0, 0, 0] diff:[0, 0, 1, 0, 0, 0, 0, 0, 0, 0, 0, 0, 0, 0, 0, 0, 0, 0, 0, 0]
Iteration 1860 New: [0, 0, 1003, 10, 6, 2, 6, 2, 6, 2, 3, 2, 4, 0, 1, 0, 0, 0, 0, 0] diff:[0, 0, 1, 0, 0, 0, 0, 0, 0, 0, 0, 0, 0, 0, 0, 0, 0, 0, 0, 0]
Iteration 1870 New: [0, 0, 1013, 10, 6, 2, 6, 2, 6, 2, 3, 2, 4, 0, 1, 0, 0, 0, 0, 0] diff:[0, 0, 1, 0, 0, 0, 0, 0, 0, 0, 0, 0, 0, 0, 0, 0, 0, 0, 0, 0]
Iteration 1880 New: [0, 0, 1019, 10, 6, 2, 6, 2, 6, 2, 3, 2, 4, 0, 1, 0, 0, 0, 0, 0] diff:[0, 0, 1, 0, 0, 0, 0, 0, 0, 0, 0, 0, 0, 0, 0, 0, 0, 0, 0, 0]
Iteration 1890 New: [0, 0, 1029, 10, 6, 2, 6, 2, 6, 2, 3, 2, 4, 0, 1, 0, 0, 0, 0, 0] diff:[0, 0, 1, 0, 0, 0, 0, 0, 0, 0, 0, 0, 0, 0, 0, 0, 0, 0, 0, 0]
Iteration 1900 New: [0, 0, 1037, 10, 6, 2, 6, 2, 6, 2, 3, 2, 4, 0, 1, 0, 0, 0, 0, 0] diff:[0, 0, -1, 0, 0, 0, 0, 0, 0, 0, 0, 0, 0, 0, 0, 0, 0, 0, 0, 0]
Iteration 1910 New: [0, 0, 1041, 10, 6, 2, 6, 2, 6, 2, 3, 2, 4, 0, 1, 0, 0, 0, 0, 0] diff:[0, 0, -1, 0, 0, 0, 0, 0, 0, 0, 0, 0, 0, 0, 0, 0, 0, 0, 0, 0]
Iteration 1920 New: [0, 0, 1047, 10, 6, 2, 6, 2, 6, 2, 3, 2, 4, 0, 1, 0, 0, 0, 0, 0] diff:[0, 0, 1, 0, 0, 0, 0, 0, 0, 0, 0, 0, 0, 0, 0, 0, 0, 0, 0, 0]
Iteration 1930 New: [0, 0, 1055, 10, 6, 2, 6, 2, 6, 2, 3, 2, 4, 0, 1, 0, 0, 0, 0, 0] diff:[0, 0, 1, 0, 0, 0, 0, 0, 0, 0, 0, 0, 0, 0, 0, 0, 0, 0, 0, 0]
Iteration 1940 New: [0, 0, 1059, 10, 6, 2, 6, 2, 6, 2, 3, 2, 4, 0, 1, 0, 0, 0, 0, 0] diff:[0, 0, -1, 0, 0, 0, 0, 0, 0, 0, 0, 0, 0, 0, 0, 0, 0, 0, 0, 0]
Iteration 1950 New: [0, 0, 1069, 10, 6, 2, 6, 2, 6, 2, 3, 2, 4, 0, 1, 0, 0, 0, 0, 0] diff:[0, 0, 1, 0, 0, 0, 0, 0, 0, 0, 0, 0, 0, 0, 0, 0, 0, 0, 0, 0]
Iteration 1960 New: [0, 0, 1077, 10, 6, 2, 6, 2, 6, 2, 3, 2, 4, 0, 1, 0, 0, 0, 0, 0] diff:[0, 0, 1, 0, 0, 0, 0, 0, 0, 0, 0, 0, 0, 0, 0, 0, 0, 0, 0, 0]
Iteration 1970 New: [0, 0, 1083, 10, 6, 2, 6, 2, 6, 2, 3, 2, 4, 0, 1, 0, 0, 0, 0, 0] diff:[0, 0, 1, 0, 0, 0, 0, 0, 0, 0, 0, 0, 0, 0, 0, 0, 0, 0, 0, 0]
Iteration 1980 New: [0, 0, 1090, 11, 6, 2, 6, 2, 6, 2, 3, 2, 4, 0, 1, 0, 0, 0, 0, 0] diff:[0, 0, 1, 0, 0, 0, 0, 0, 0, 0, 0, 0, 0, 0, 0, 0, 0, 0, 0, 0]
Iteration 1990 New: [0, 0, 1098, 11, 6, 2, 6, 2, 6, 2, 3, 2, 4, 0, 1, 0, 0, 0, 0, 0] diff:[0, 0, 1, 0, 0, 0, 0, 0, 0, 0, 0, 0, 0, 0, 0, 0, 0, 0, 0, 0]
Iteration 2000 New: [0, 0, 1106, 11, 6, 2, 6, 2, 6, 2, 3, 2, 4, 0, 1, 0, 0, 0, 0, 0] diff:[0, 0, 1, 0, 0, 0, 0, 0, 0, 0, 0, 0, 0, 0, 0, 0, 0, 0, 0, 0]
Iteration 2010 New: [0, 0, 1114, 11, 6, 2, 6, 2, 6, 2, 3, 2, 4, 0, 1, 0, 0, 0, 0, 0] diff:[0, 0, 1, 0, 0, 0, 0, 0, 0, 0, 0, 0, 0, 0, 0, 0, 0, 0, 0, 0]
Iteration 2020 New: [0, 0, 1116, 11, 6, 2, 6, 2, 6, 2, 3, 2, 4, 0, 1, 0, 0, 0, 0, 0] diff:[0, 0, -1, 0, 0, 0, 0, 0, 0, 0, 0, 0, 0, 0, 0, 0, 0, 0, 0, 0]
Iteration 2030 New: [0, 0, 1124, 11, 6, 2, 6, 2, 6, 2, 3, 2, 4, 0, 1, 0, 0, 0, 0, 0] diff:[0, 0, -1, 0, 0, 0, 0, 0, 0, 0, 0, 0, 0, 0, 0, 0, 0, 0, 0, 0]
Iteration 2040 New: [0, 0, 1132, 11, 6, 2, 6, 2, 6, 2, 3, 2, 4, 0, 1, 0, 0, 0, 0, 0] diff:[0, 0, 1, 0, 0, 0, 0, 0, 0, 0, 0, 0, 0, 0, 0, 0, 0, 0, 0, 0]
Iteration 2050 New: [0, 0, 1138, 11, 6, 2, 6, 2, 6, 2, 3, 2, 4, 0, 1, 0, 0, 0, 0, 0] diff:[0, 0, 1, 0, 0, 0, 0, 0, 0, 0, 0, 0, 0, 0, 0, 0, 0, 0, 0, 0]
Iteration 2060 New: [0, 0, 1142, 11, 6, 2, 6, 2, 6, 2, 3, 2, 4, 0, 1, 0, 0, 0, 0, 0] diff:[0, 0, 1, 0, 0, 0, 0, 0, 0, 0, 0, 0, 0, 0, 0, 0, 0, 0, 0, 0]
Iteration 2070 New: [0, 0, 1150, 11, 6, 2, 6, 2, 6, 2, 3, 2, 4, 0, 1, 0, 0, 0, 0, 0] diff:[0, 0, 1, 0, 0, 0, 0, 0, 0, 0, 0, 0, 0, 0, 0, 0, 0, 0, 0, 0]
Iteration 2080 New: [0, 0, 1154, 11, 6, 2, 6, 2, 6, 2, 3, 2, 4, 0, 1, 0, 0, 0, 0, 0] diff:[0, 0, -1, 0, 0, 0, 0, 0, 0, 0, 0, 0, 0, 0, 0, 0, 0, 0, 0, 0]
Iteration 2090 New: [0, 0, 1164, 11, 6, 2, 6, 2, 6, 2, 3, 2, 4, 0, 1, 0, 0, 0, 0, 0] diff:[0, 0, 1, 0, 0, 0, 0, 0, 0, 0, 0, 0, 0, 0, 0, 0, 0, 0, 0, 0]
Iteration 2100 New: [0, 0, 1172, 11, 6, 2, 6, 2, 6, 2, 3, 2, 4, 0, 1, 0, 0, 0, 0, 0] diff:[0, 0, 1, 0, 0, 0, 0, 0, 0, 0, 0, 0, 0, 0, 0, 0, 0, 0, 0, 0]
Iteration 2110 New: [0, 0, 1180, 11, 6, 2, 6, 2, 6, 2, 3, 2, 4, 0, 1, 0, 0, 0, 0, 0] diff:[0, 0, 1, 0, 0, 0, 0, 0, 0, 0, 0, 0, 0, 0, 0, 0, 0, 0, 0, 0]
Iteration 2120 New: [0, 0, 1188, 11, 6, 2, 6, 2, 6, 2, 3, 2, 4, 0, 1, 0, 0, 0, 0, 0] diff:[0, 0, 1, 0, 0, 0, 0, 0, 0, 0, 0, 0, 0, 0, 0, 0, 0, 0, 0, 0]
Iteration 2130 New: [0, 0, 1190, 11, 6, 2, 6, 2, 6, 2, 3, 2, 4, 0, 1, 0, 0, 0, 0, 0] diff:[0, 0, -1, 0, 0, 0, 0, 0, 0, 0, 0, 0, 0, 0, 0, 0, 0, 0, 0, 0]
Iteration 2140 New: [0, 0, 1197, 12, 6, 2, 6, 2, 6, 2, 3, 2, 4, 0, 1, 0, 0, 0, 0, 0] diff:[0, 0, 1, 0, 0, 0, 0, 0, 0, 0, 0, 0, 0, 0, 0, 0, 0, 0, 0, 0]
Iteration 2150 New: [0, 0, 1204, 13, 6, 2, 6, 2, 6, 2, 3, 2, 4, 0, 1, 0, 0, 0, 0, 0] diff:[0, 0, 1, 0, 0, 0, 0, 0, 0, 0, 0, 0, 0, 0, 0, 0, 0, 0, 0, 0]
Iteration 2160 New: [0, 0, 1210, 13, 6, 2, 6, 2, 6, 2, 3, 2, 4, 0, 1, 0, 0, 0, 0, 0] diff:[0, 0, -1, 0, 0, 0, 0, 0, 0, 0, 0, 0, 0, 0, 0, 0, 0, 0, 0, 0]
Iteration 2170 New: [0, 0, 1216, 13, 6, 2, 6, 2, 6, 2, 3, 2, 4, 0, 1, 0, 0, 0, 0, 0] diff:[0, 0, 1, 0, 0, 0, 0, 0, 0, 0, 0, 0, 0, 0, 0, 0, 0, 0, 0, 0]
Iteration 2180 New: [0, 0, 1218, 13, 6, 2, 6, 2, 6, 2, 3, 2, 4, 0, 1, 0, 0, 0, 0, 0] diff:[0, 0, -1, 0, 0, 0, 0, 0, 0, 0, 0, 0, 0, 0, 0, 0, 0, 0, 0, 0]
Iteration 2190 New: [0, 0, 1227, 13, 6, 2, 6, 2, 6, 2, 3, 2, 4, 0, 0, 0, 0, 0, 0, 0] diff:[0, 0, 1, 0, 0, 0, 0, 0, 0, 0, 0, 0, 0, 0, 0, 0, 0, 0, 0, 0]
Iteration 2200 New: [0, 0, 1237, 13, 6, 2, 6, 2, 6, 2, 3, 2, 4, 0, 0, 0, 0, 0, 0, 0] diff:[0, 0, 1, 0, 0, 0, 0, 0, 0, 0, 0, 0, 0, 0, 0, 0, 0, 0, 0, 0]
Iteration 2210 New: [0, 0, 1247, 13, 6, 2, 6, 2, 6, 2, 3, 2, 4, 0, 0, 0, 0, 0, 0, 0] diff:[0, 0, 1, 0, 0, 0, 0, 0, 0, 0, 0, 0, 0, 0, 0, 0, 0, 0, 0, 0]
Iteration 2220 New: [0, 0, 1257, 13, 6, 2, 6, 2, 6, 2, 3, 2, 4, 0, 0, 0, 0, 0, 0, 0] diff:[0, 0, 1, 0, 0, 0, 0, 0, 0, 0, 0, 0, 0, 0, 0, 0, 0, 0, 0, 0]
Iteration 2230 New: [0, 0, 1265, 13, 6, 2, 6, 2, 6, 2, 3, 2, 4, 0, 0, 0, 0, 0, 0, 0] diff:[0, 0, -1, 0, 0, 0, 0, 0, 0, 0, 0, 0, 0, 0, 0, 0, 0, 0, 0, 0]
Iteration 2240 New: [0, 0, 1275, 13, 6, 2, 6, 2, 6, 2, 3, 2, 4, 0, 0, 0, 0, 0, 0, 0] diff:[0, 0, 1, 0, 0, 0, 0, 0, 0, 0, 0, 0, 0, 0, 0, 0, 0, 0, 0, 0]
Iteration 2250 New: [0, 0, 1283, 13, 6, 2, 6, 2, 6, 2, 3, 2, 4, 0, 0, 0, 0, 0, 0, 0] diff:[0, 0, 1, 0, 0, 0, 0, 0, 0, 0, 0, 0, 0, 0, 0, 0, 0, 0, 0, 0]
Iteration 2260 New: [0, 0, 1291, 13, 6, 2, 6, 2, 6, 2, 3, 2, 4, 0, 0, 0, 0, 0, 0, 0] diff:[0, 0, 1, 0, 0, 0, 0, 0, 0, 0, 0, 0, 0, 0, 0, 0, 0, 0, 0, 0]
Iteration 2270 New: [0, 0, 1301, 13, 6, 2, 6, 2, 6, 2, 3, 2, 4, 0, 0, 0, 0, 0, 0, 0] diff:[0, 0, 1, 0, 0, 0, 0, 0, 0, 0, 0, 0, 0, 0, 0, 0, 0, 0, 0, 0]
Iteration 2280 New: [0, 0, 1307, 13, 6, 2, 6, 2, 6, 2, 3, 2, 4, 0, 0, 0, 0, 0, 0, 0] diff:[0, 0, 1, 0, 0, 0, 0, 0, 0, 0, 0, 0, 0, 0, 0, 0, 0, 0, 0, 0]
Iteration 2290 New: [0, 0, 1313, 13, 6, 2, 6, 2, 6, 2, 3, 2, 4, 0, 0, 0, 0, 0, 0, 0] diff:[0, 0, 1, 0, 0, 0, 0, 0, 0, 0, 0, 0, 0, 0, 0, 0, 0, 0, 0, 0]
Iteration 2300 New: [0, 0, 1317, 13, 6, 2, 6, 2, 6, 2, 3, 2, 4, 0, 0, 0, 0, 0, 0, 0] diff:[0, 0, -1, 0, 0, 0, 0, 0, 0, 0, 0, 0, 0, 0, 0, 0, 0, 0, 0, 0]
Iteration 2310 New: [0, 0, 1325, 13, 6, 2, 6, 2, 6, 2, 3, 2, 4, 0, 0, 0, 0, 0, 0, 0] diff:[0, 0, 1, 0, 0, 0, 0, 0, 0, 0, 0, 0, 0, 0, 0, 0, 0, 0, 0, 0]
Iteration 2320 New: [0, 0, 1333, 13, 6, 2, 6, 2, 6, 2, 3, 2, 4, 0, 0, 0, 0, 0, 0, 0] diff:[0, 0, 1, 0, 0, 0, 0, 0, 0, 0, 0, 0, 0, 0, 0, 0, 0, 0, 0, 0]
Iteration 2330 New: [0, 0, 1340, 14, 6, 2, 6, 2, 6, 2, 3, 2, 4, 0, 0, 0, 0, 0, 0, 0] diff:[0, 0, 1, 0, 0, 0, 0, 0, 0, 0, 0, 0, 0, 0, 0, 0, 0, 0, 0, 0]
Iteration 2340 New: [0, 0, 1345, 13, 6, 2, 6, 2, 6, 2, 3, 2, 4, 0, 0, 0, 0, 0, 0, 0] diff:[0, 0, 1, 0, 0, 0, 0, 0, 0, 0, 0, 0, 0, 0, 0, 0, 0, 0, 0, 0]
Iteration 2350 New: [0, 0, 1352, 13, 6, 2, 6, 2, 6, 2, 3, 2, 3, 0, 0, 0, 0, 0, 0, 0] diff:[0, 0, 1, 0, 0, 0, 0, 0, 0, 0, 0, 0, 0, 0, 0, 0, 0, 0, 0, 0]
Iteration 2360 New: [0, 0, 1350, 13, 6, 2, 6, 2, 6, 2, 3, 2, 3, 0, 0, 0, 0, 0, 0, 0] diff:[0, 0, -1, 0, 0, 0, 0, 0, 0, 0, 0, 0, 0, 0, 0, 0, 0, 0, 0, 0]
Iteration 2370 New: [0, 0, 1356, 13, 6, 2, 6, 2, 6, 2, 3, 2, 3, 0, 0, 0, 0, 0, 0, 0] diff:[0, 0, -1, 0, 0, 0, 0, 0, 0, 0, 0, 0, 0, 0, 0, 0, 0, 0, 0, 0]
Iteration 2380 New: [0, 0, 1364, 13, 6, 2, 6, 2, 6, 2, 3, 2, 3, 0, 0, 0, 0, 0, 0, 0] diff:[0, 0, 1, 0, 0, 0, 0, 0, 0, 0, 0, 0, 0, 0, 0, 0, 0, 0, 0, 0]
Iteration 2390 New: [0, 0, 1370, 13, 6, 2, 6, 2, 6, 2, 3, 2, 3, 0, 0, 0, 0, 0, 0, 0] diff:[0, 0, 1, 0, 0, 0, 0, 0, 0, 0, 0, 0, 0, 0, 0, 0, 0, 0, 0, 0]
Iteration 2400 New: [0, 0, 1378, 13, 6, 2, 6, 2, 6, 2, 3, 2, 3, 0, 0, 0, 0, 0, 0, 0] diff:[0, 0, 1, 0, 0, 0, 0, 0, 0, 0, 0, 0, 0, 0, 0, 0, 0, 0, 0, 0]
Iteration 2410 New: [0, 0, 1388, 13, 6, 2, 6, 2, 6, 2, 3, 2, 3, 0, 0, 0, 0, 0, 0, 0] diff:[0, 0, 1, 0, 0, 0, 0, 0, 0, 0, 0, 0, 0, 0, 0, 0, 0, 0, 0, 0]
Iteration 2420 New: [0, 0, 1396, 13, 6, 2, 6, 2, 6, 2, 3, 2, 3, 0, 0, 0, 0, 0, 0, 0] diff:[0, 0, 1, 0, 0, 0, 0, 0, 0, 0, 0, 0, 0, 0, 0, 0, 0, 0, 0, 0]
Iteration 2430 New: [0, 0, 1402, 13, 6, 2, 6, 2, 6, 2, 3, 2, 3, 0, 0, 0, 0, 0, 0, 0] diff:[0, 0, 1, 0, 0, 0, 0, 0, 0, 0, 0, 0, 0, 0, 0, 0, 0, 0, 0, 0]
Iteration 2440 New: [0, 0, 1410, 13, 6, 2, 6, 2, 6, 2, 3, 2, 3, 0, 0, 0, 0, 0, 0, 0] diff:[0, 0, 1, 0, 0, 0, 0, 0, 0, 0, 0, 0, 0, 0, 0, 0, 0, 0, 0, 0]
Iteration 2450 New: [0, 0, 1414, 13, 6, 2, 6, 2, 6, 2, 3, 2, 3, 0, 0, 0, 0, 0, 0, 0] diff:[0, 0, 1, 0, 0, 0, 0, 0, 0, 0, 0, 0, 0, 0, 0, 0, 0, 0, 0, 0]
Iteration 2460 New: [0, 0, 1414, 13, 6, 2, 6, 2, 6, 2, 3, 2, 1, 0, 0, 0, 0, 0, 0, 0] diff:[0, 0, 1, 0, 0, 0, 0, 0, 0, 0, 0, 0, 0, 0, 0, 0, 0, 0, 0, 0]
Iteration 2470 New: [0, 0, 1414, 13, 6, 2, 6, 2, 6, 2, 3, 2, 1, 0, 0, 0, 0, 0, 0, 0] diff:[0, 0, 1, 0, 0, 0, 0, 0, 0, 0, 0, 0, 0, 0, 0, 0, 0, 0, 0, 0]
Iteration 2480 New: [0, 0, 1422, 13, 6, 2, 6, 2, 6, 2, 3, 2, 1, 0, 0, 0, 0, 0, 0, 0] diff:[0, 0, 1, 0, 0, 0, 0, 0, 0, 0, 0, 0, 0, 0, 0, 0, 0, 0, 0, 0]
Iteration 2490 New: [0, 0, 1428, 13, 6, 2, 6, 2, 6, 2, 3, 2, 1, 0, 0, 0, 0, 0, 0, 0] diff:[0, 0, 1, 0, 0, 0, 0, 0, 0, 0, 0, 0, 0, 0, 0, 0, 0, 0, 0, 0]
Iteration 2500 New: [0, 0, 1432, 13, 6, 2, 6, 2, 6, 2, 3, 2, 1, 0, 0, 0, 0, 0, 0, 0] diff:[0, 0, 1, 0, 0, 0, 0, 0, 0, 0, 0, 0, 0, 0, 0, 0, 0, 0, 0, 0]
Iteration 2510 New: [0, 0, 1435, 13, 6, 2, 6, 2, 6, 2, 3, 2, 0, 0, 0, 0, 0, 0, 0, 0] diff:[0, 0, 1, 0, 0, 0, 0, 0, 0, 0, 0, 0, 0, 0, 0, 0, 0, 0, 0, 0]
Iteration 2520 New: [0, 0, 1437, 13, 6, 2, 6, 2, 6, 2, 3, 2, 0, 0, 0, 0, 0, 0, 0, 0] diff:[0, 0, 1, 0, 0, 0, 0, 0, 0, 0, 0, 0, 0, 0, 0, 0, 0, 0, 0, 0]
Iteration 2530 New: [0, 0, 1441, 13, 6, 2, 6, 2, 6, 2, 3, 2, 0, 0, 0, 0, 0, 0, 0, 0] diff:[0, 0, 1, 0, 0, 0, 0, 0, 0, 0, 0, 0, 0, 0, 0, 0, 0, 0, 0, 0]
Iteration 2540 New: [0, 0, 1447, 13, 6, 2, 6, 2, 6, 2, 3, 2, 0, 0, 0, 0, 0, 0, 0, 0] diff:[0, 0, 1, 0, 0, 0, 0, 0, 0, 0, 0, 0, 0, 0, 0, 0, 0, 0, 0, 0]
Iteration 2550 New: [0, 0, 1455, 13, 6, 2, 6, 2, 6, 2, 3, 2, 0, 0, 0, 0, 0, 0, 0, 0] diff:[0, 0, 1, 0, 0, 0, 0, 0, 0, 0, 0, 0, 0, 0, 0, 0, 0, 0, 0, 0]
Iteration 2560 New: [0, 0, 1461, 13, 6, 2, 6, 2, 6, 2, 3, 2, 0, 0, 0, 0, 0, 0, 0, 0] diff:[0, 0, 1, 0, 0, 0, 0, 0, 0, 0, 0, 0, 0, 0, 0, 0, 0, 0, 0, 0]
Iteration 2570 New: [0, 0, 1469, 13, 6, 2, 6, 2, 6, 2, 3, 2, 0, 0, 0, 0, 0, 0, 0, 0] diff:[0, 0, 1, 0, 0, 0, 0, 0, 0, 0, 0, 0, 0, 0, 0, 0, 0, 0, 0, 0]
Iteration 2580 New: [0, 0, 1473, 13, 6, 2, 6, 2, 6, 2, 3, 2, 0, 0, 0, 0, 0, 0, 0, 0] diff:[0, 0, 1, 0, 0, 0, 0, 0, 0, 0, 0, 0, 0, 0, 0, 0, 0, 0, 0, 0]
Iteration 2590 New: [0, 0, 1477, 13, 6, 2, 6, 2, 6, 2, 3, 2, 0, 0, 0, 0, 0, 0, 0, 0] diff:[0, 0, 1, 0, 0, 0, 0, 0, 0, 0, 0, 0, 0, 0, 0, 0, 0, 0, 0, 0]
Iteration 2600 New: [0, 0, 1485, 13, 6, 2, 6, 2, 6, 2, 3, 2, 0, 0, 0, 0, 0, 0, 0, 0] diff:[0, 0, 1, 0, 0, 0, 0, 0, 0, 0, 0, 0, 0, 0, 0, 0, 0, 0, 0, 0]
Iteration 2610 New: [0, 0, 1492, 13, 6, 2, 6, 2, 6, 2, 3, 1, 0, 0, 0, 0, 0, 0, 0, 0] diff:[0, 0, 1, 0, 0, 0, 0, 0, 0, 0, 0, 0, 0, 0, 0, 0, 0, 0, 0, 0]
Iteration 2620 New: [0, 0, 1500, 15, 6, 2, 6, 2, 6, 2, 3, 1, 0, 0, 0, 0, 0, 0, 0, 0] diff:[0, 0, 1, 0, 0, 0, 0, 0, 0, 0, 0, 0, 0, 0, 0, 0, 0, 0, 0, 0]
Iteration 2630 New: [0, 0, 1507, 16, 6, 2, 6, 2, 6, 2, 3, 1, 0, 0, 0, 0, 0, 0, 0, 0] diff:[0, 0, 1, 0, 0, 0, 0, 0, 0, 0, 0, 0, 0, 0, 0, 0, 0, 0, 0, 0]
Iteration 2640 New: [0, 0, 1517, 16, 6, 2, 6, 2, 6, 2, 3, 1, 0, 0, 0, 0, 0, 0, 0, 0] diff:[0, 0, 1, 0, 0, 0, 0, 0, 0, 0, 0, 0, 0, 0, 0, 0, 0, 0, 0, 0]
Iteration 2650 New: [0, 0, 1526, 17, 6, 2, 6, 2, 6, 2, 3, 1, 0, 0, 0, 0, 0, 0, 0, 0] diff:[0, 0, 1, 0, 0, 0, 0, 0, 0, 0, 0, 0, 0, 0, 0, 0, 0, 0, 0, 0]
Iteration 2660 New: [0, 0, 1533, 16, 6, 2, 6, 2, 6, 2, 3, 1, 0, 0, 0, 0, 0, 0, 0, 0] diff:[0, 0, 0, 1, 0, 0, 0, 0, 0, 0, 0, 0, 0, 0, 0, 0, 0, 0, 0, 0]
Iteration 2670 New: [0, 0, 1541, 16, 6, 2, 6, 2, 6, 2, 3, 1, 0, 0, 0, 0, 0, 0, 0, 0] diff:[0, 0, 1, 0, 0, 0, 0, 0, 0, 0, 0, 0, 0, 0, 0, 0, 0, 0, 0, 0]
Iteration 2680 New: [0, 0, 1549, 16, 6, 2, 6, 2, 6, 2, 3, 1, 0, 0, 0, 0, 0, 0, 0, 0] diff:[0, 0, 1, 0, 0, 0, 0, 0, 0, 0, 0, 0, 0, 0, 0, 0, 0, 0, 0, 0]
Iteration 2690 New: [0, 0, 1558, 16, 6, 2, 6, 2, 6, 2, 3, 0, 0, 0, 0, 0, 0, 0, 0, 0] diff:[0, 0, 1, 0, 0, 0, 0, 0, 0, 0, 0, 0, 0, 0, 0, 0, 0, 0, 0, 0]
Iteration 2700 New: [0, 0, 1560, 16, 6, 2, 6, 2, 6, 2, 3, 0, 0, 0, 0, 0, 0, 0, 0, 0] diff:[0, 0, 1, 0, 0, 0, 0, 0, 0, 0, 0, 0, 0, 0, 0, 0, 0, 0, 0, 0]
Iteration 2710 New: [0, 0, 1566, 16, 6, 2, 6, 2, 6, 2, 3, 0, 0, 0, 0, 0, 0, 0, 0, 0] diff:[0, 0, 1, 0, 0, 0, 0, 0, 0, 0, 0, 0, 0, 0, 0, 0, 0, 0, 0, 0]
Iteration 2720 New: [0, 0, 1572, 16, 6, 2, 6, 2, 6, 2, 3, 0, 0, 0, 0, 0, 0, 0, 0, 0] diff:[0, 0, 1, 0, 0, 0, 0, 0, 0, 0, 0, 0, 0, 0, 0, 0, 0, 0, 0, 0]
Iteration 2730 New: [0, 0, 1582, 16, 6, 2, 6, 2, 6, 2, 3, 0, 0, 0, 0, 0, 0, 0, 0, 0] diff:[0, 0, 1, 0, 0, 0, 0, 0, 0, 0, 0, 0, 0, 0, 0, 0, 0, 0, 0, 0]
Iteration 2740 New: [0, 0, 1590, 16, 6, 2, 6, 2, 6, 2, 3, 0, 0, 0, 0, 0, 0, 0, 0, 0] diff:[0, 0, 1, 0, 0, 0, 0, 0, 0, 0, 0, 0, 0, 0, 0, 0, 0, 0, 0, 0]
Iteration 2750 New: [0, 0, 1597, 17, 6, 2, 6, 2, 6, 2, 3, 0, 0, 0, 0, 0, 0, 0, 0, 0] diff:[0, 0, 1, 0, 0, 0, 0, 0, 0, 0, 0, 0, 0, 0, 0, 0, 0, 0, 0, 0]
Iteration 2760 New: [0, 0, 1599, 17, 6, 2, 6, 2, 6, 2, 3, 0, 0, 0, 0, 0, 0, 0, 0, 0] diff:[0, 0, 1, 0, 0, 0, 0, 0, 0, 0, 0, 0, 0, 0, 0, 0, 0, 0, 0, 0]
Iteration 2770 New: [0, 0, 1609, 17, 6, 2, 6, 2, 6, 2, 3, 0, 0, 0, 0, 0, 0, 0, 0, 0] diff:[0, 0, 1, 0, 0, 0, 0, 0, 0, 0, 0, 0, 0, 0, 0, 0, 0, 0, 0, 0]
Iteration 2780 New: [0, 0, 1616, 18, 6, 2, 6, 2, 6, 2, 3, 0, 0, 0, 0, 0, 0, 0, 0, 0] diff:[0, 0, 1, 0, 0, 0, 0, 0, 0, 0, 0, 0, 0, 0, 0, 0, 0, 0, 0, 0]
Iteration 2790 New: [0, 0, 1618, 17, 6, 2, 6, 2, 6, 2, 2, 0, 0, 0, 0, 0, 0, 0, 0, 0] diff:[0, 0, -1, 0, 0, 0, 0, 0, 0, 0, 0, 0, 0, 0, 0, 0, 0, 0, 0, 0]
Iteration 2800 New: [0, 0, 1624, 17, 6, 2, 6, 2, 6, 2, 2, 0, 0, 0, 0, 0, 0, 0, 0, 0] diff:[0, 0, 1, 0, 0, 0, 0, 0, 0, 0, 0, 0, 0, 0, 0, 0, 0, 0, 0, 0]
Iteration 2810 New: [0, 0, 1628, 17, 6, 2, 6, 2, 6, 2, 2, 0, 0, 0, 0, 0, 0, 0, 0, 0] diff:[0, 0, 1, 0, 0, 0, 0, 0, 0, 0, 0, 0, 0, 0, 0, 0, 0, 0, 0, 0]
Iteration 2820 New: [0, 0, 1630, 17, 6, 2, 6, 2, 6, 2, 2, 0, 0, 0, 0, 0, 0, 0, 0, 0] diff:[0, 0, 1, 0, 0, 0, 0, 0, 0, 0, 0, 0, 0, 0, 0, 0, 0, 0, 0, 0]
Iteration 2830 New: [0, 0, 1635, 17, 6, 2, 6, 2, 6, 2, 1, 0, 0, 0, 0, 0, 0, 0, 0, 0] diff:[0, 0, 1, 0, 0, 0, 0, 0, 0, 0, 0, 0, 0, 0, 0, 0, 0, 0, 0, 0]
Iteration 2840 New: [0, 0, 1643, 17, 6, 2, 6, 2, 6, 2, 1, 0, 0, 0, 0, 0, 0, 0, 0, 0] diff:[0, 0, 1, 0, 0, 0, 0, 0, 0, 0, 0, 0, 0, 0, 0, 0, 0, 0, 0, 0]
Iteration 2850 New: [0, 0, 1649, 17, 6, 2, 6, 2, 6, 2, 1, 0, 0, 0, 0, 0, 0, 0, 0, 0] diff:[0, 0, 1, 0, 0, 0, 0, 0, 0, 0, 0, 0, 0, 0, 0, 0, 0, 0, 0, 0]
Iteration 2860 New: [0, 0, 1658, 18, 6, 2, 6, 2, 6, 2, 1, 0, 0, 0, 0, 0, 0, 0, 0, 0] diff:[0, 0, 1, 0, 0, 0, 0, 0, 0, 0, 0, 0, 0, 0, 0, 0, 0, 0, 0, 0]
Iteration 2870 New: [0, 0, 1666, 18, 6, 2, 6, 2, 6, 1, 0, 0, 0, 0, 0, 0, 0, 0, 0, 0] diff:[0, 0, 1, 0, 0, 0, 0, 0, 0, 0, 0, 0, 0, 0, 0, 0, 0, 0, 0, 0]
Iteration 2880 New: [0, 0, 1673, 18, 6, 2, 6, 2, 6, 0, 0, 0, 0, 0, 0, 0, 0, 0, 0, 0] diff:[0, 0, 0, 0, 0, 0, 0, 0, 0, -1, 0, 0, 0, 0, 0, 0, 0, 0, 0, 0]
Iteration 2890 New: [0, 0, 1683, 18, 6, 2, 6, 2, 6, 0, 0, 0, 0, 0, 0, 0, 0, 0, 0, 0] diff:[0, 0, 1, 0, 0, 0, 0, 0, 0, 0, 0, 0, 0, 0, 0, 0, 0, 0, 0, 0]
Iteration 2900 New: [0, 0, 1691, 18, 6, 2, 6, 2, 6, 0, 0, 0, 0, 0, 0, 0, 0, 0, 0, 0] diff:[0, 0, -1, 0, 0, 0, 0, 0, 0, 0, 0, 0, 0, 0, 0, 0, 0, 0, 0, 0]
Iteration 2910 New: [0, 0, 1701, 18, 6, 2, 6, 2, 6, 0, 0, 0, 0, 0, 0, 0, 0, 0, 0, 0] diff:[0, 0, 1, 0, 0, 0, 0, 0, 0, 0, 0, 0, 0, 0, 0, 0, 0, 0, 0, 0]
Iteration 2920 New: [0, 0, 1707, 18, 6, 2, 6, 2, 6, 0, 0, 0, 0, 0, 0, 0, 0, 0, 0, 0] diff:[0, 0, 1, 0, 0, 0, 0, 0, 0, 0, 0, 0, 0, 0, 0, 0, 0, 0, 0, 0]
Iteration 2930 New: [0, 0, 1715, 18, 6, 2, 6, 2, 6, 0, 0, 0, 0, 0, 0, 0, 0, 0, 0, 0] diff:[0, 0, 1, 0, 0, 0, 0, 0, 0, 0, 0, 0, 0, 0, 0, 0, 0, 0, 0, 0]
Iteration 2940 New: [0, 0, 1722, 19, 6, 2, 6, 2, 6, 0, 0, 0, 0, 0, 0, 0, 0, 0, 0, 0] diff:[0, 0, -1, 0, 0, 0, 0, 0, 0, 0, 0, 0, 0, 0, 0, 0, 0, 0, 0, 0]
Iteration 2950 New: [0, 0, 1730, 19, 6, 2, 6, 2, 6, 0, 0, 0, 0, 0, 0, 0, 0, 0, 0, 0] diff:[0, 0, 1, 0, 0, 0, 0, 0, 0, 0, 0, 0, 0, 0, 0, 0, 0, 0, 0, 0]
Iteration 2960 New: [0, 0, 1739, 19, 6, 2, 6, 2, 5, 0, 0, 0, 0, 0, 0, 0, 0, 0, 0, 0] diff:[0, 0, 1, 0, 0, 0, 0, 0, 0, 0, 0, 0, 0, 0, 0, 0, 0, 0, 0, 0]
Iteration 2970 New: [0, 0, 1749, 19, 6, 2, 6, 2, 5, 0, 0, 0, 0, 0, 0, 0, 0, 0, 0, 0] diff:[0, 0, 1, 0, 0, 0, 0, 0, 0, 0, 0, 0, 0, 0, 0, 0, 0, 0, 0, 0]
Iteration 2980 New: [0, 0, 1755, 19, 6, 2, 6, 2, 5, 0, 0, 0, 0, 0, 0, 0, 0, 0, 0, 0] diff:[0, 0, 1, 0, 0, 0, 0, 0, 0, 0, 0, 0, 0, 0, 0, 0, 0, 0, 0, 0]
Iteration 2990 New: [0, 0, 1761, 19, 6, 2, 6, 2, 5, 0, 0, 0, 0, 0, 0, 0, 0, 0, 0, 0] diff:[0, 0, 1, 0, 0, 0, 0, 0, 0, 0, 0, 0, 0, 0, 0, 0, 0, 0, 0, 0]
Iteration 3000 New: [0, 0, 1767, 19, 6, 2, 6, 2, 3, 0, 0, 0, 0, 0, 0, 0, 0, 0, 0, 0] diff:[0, 0, -1, 0, 0, 0, 0, 0, 0, 0, 0, 0, 0, 0, 0, 0, 0, 0, 0, 0]
Iteration 3010 New: [0, 0, 1772, 20, 6, 2, 6, 2, 3, 0, 0, 0, 0, 0, 0, 0, 0, 0, 0, 0] diff:[0, 0, 1, 0, 0, 0, 0, 0, 0, 0, 0, 0, 0, 0, 0, 0, 0, 0, 0, 0]
Iteration 3020 New: [0, 0, 1778, 22, 6, 2, 6, 2, 3, 0, 0, 0, 0, 0, 0, 0, 0, 0, 0, 0] diff:[0, 0, 0, 1, 0, 0, 0, 0, 0, 0, 0, 0, 0, 0, 0, 0, 0, 0, 0, 0]
Iteration 3030 New: [0, 0, 1783, 21, 6, 2, 6, 2, 3, 0, 0, 0, 0, 0, 0, 0, 0, 0, 0, 0] diff:[0, 0, 1, 0, 0, 0, 0, 0, 0, 0, 0, 0, 0, 0, 0, 0, 0, 0, 0, 0]
Iteration 3040 New: [0, 0, 1788, 21, 6, 2, 6, 2, 0, 0, 0, 0, 0, 0, 0, 0, 0, 0, 0, 0] diff:[0, 0, 1, 0, 0, 0, 0, 0, 0, 0, 0, 0, 0, 0, 0, 0, 0, 0, 0, 0]
Iteration 3050 New: [0, 0, 1798, 21, 6, 2, 6, 2, 0, 0, 0, 0, 0, 0, 0, 0, 0, 0, 0, 0] diff:[0, 0, 1, 0, 0, 0, 0, 0, 0, 0, 0, 0, 0, 0, 0, 0, 0, 0, 0, 0]
Iteration 3060 New: [0, 0, 1806, 21, 6, 2, 6, 2, 0, 0, 0, 0, 0, 0, 0, 0, 0, 0, 0, 0] diff:[0, 0, 1, 0, 0, 0, 0, 0, 0, 0, 0, 0, 0, 0, 0, 0, 0, 0, 0, 0]
Iteration 3070 New: [0, 0, 1814, 21, 6, 2, 6, 2, 0, 0, 0, 0, 0, 0, 0, 0, 0, 0, 0, 0] diff:[0, 0, 1, 0, 0, 0, 0, 0, 0, 0, 0, 0, 0, 0, 0, 0, 0, 0, 0, 0]
Iteration 3080 New: [0, 0, 1822, 21, 6, 2, 6, 2, 0, 0, 0, 0, 0, 0, 0, 0, 0, 0, 0, 0] diff:[0, 0, 1, 0, 0, 0, 0, 0, 0, 0, 0, 0, 0, 0, 0, 0, 0, 0, 0, 0]
Iteration 3090 New: [0, 0, 1827, 21, 6, 2, 6, 1, 0, 0, 0, 0, 0, 0, 0, 0, 0, 0, 0, 0] diff:[0, 0, -1, 0, 0, 0, 0, 0, 0, 0, 0, 0, 0, 0, 0, 0, 0, 0, 0, 0]
Iteration 3100 New: [0, 0, 1835, 21, 6, 2, 6, 1, 0, 0, 0, 0, 0, 0, 0, 0, 0, 0, 0, 0] diff:[0, 0, 1, 0, 0, 0, 0, 0, 0, 0, 0, 0, 0, 0, 0, 0, 0, 0, 0, 0]
Iteration 3110 New: [0, 0, 1841, 21, 6, 2, 6, 1, 0, 0, 0, 0, 0, 0, 0, 0, 0, 0, 0, 0] diff:[0, 0, 1, 0, 0, 0, 0, 0, 0, 0, 0, 0, 0, 0, 0, 0, 0, 0, 0, 0]
Iteration 3120 New: [0, 0, 1845, 21, 6, 2, 6, 1, 0, 0, 0, 0, 0, 0, 0, 0, 0, 0, 0, 0] diff:[0, 0, 1, 0, 0, 0, 0, 0, 0, 0, 0, 0, 0, 0, 0, 0, 0, 0, 0, 0]
Iteration 3130 New: [0, 0, 1850, 21, 6, 2, 6, 0, 0, 0, 0, 0, 0, 0, 0, 0, 0, 0, 0, 0] diff:[0, 0, 1, 0, 0, 0, 0, 0, 0, 0, 0, 0, 0, 0, 0, 0, 0, 0, 0, 0]
Iteration 3140 New: [0, 0, 1857, 22, 6, 2, 6, 0, 0, 0, 0, 0, 0, 0, 0, 0, 0, 0, 0, 0] diff:[0, 0, 1, 0, 0, 0, 0, 0, 0, 0, 0, 0, 0, 0, 0, 0, 0, 0, 0, 0]
Iteration 3150 New: [0, 0, 1866, 22, 6, 2, 5, 0, 0, 0, 0, 0, 0, 0, 0, 0, 0, 0, 0, 0] diff:[0, 0, 1, 0, 0, 0, 0, 0, 0, 0, 0, 0, 0, 0, 0, 0, 0, 0, 0, 0]
Iteration 3160 New: [0, 0, 1873, 22, 6, 2, 2, 0, 0, 0, 0, 0, 0, 0, 0, 0, 0, 0, 0, 0] diff:[0, 0, 0, 0, 0, 0, -1, 0, 0, 0, 0, 0, 0, 0, 0, 0, 0, 0, 0, 0]
Iteration 3170 New: [0, 0, 1883, 22, 6, 2, 2, 0, 0, 0, 0, 0, 0, 0, 0, 0, 0, 0, 0, 0] diff:[0, 0, 1, 0, 0, 0, 0, 0, 0, 0, 0, 0, 0, 0, 0, 0, 0, 0, 0, 0]
Iteration 3180 New: [0, 0, 1890, 22, 6, 2, 1, 0, 0, 0, 0, 0, 0, 0, 0, 0, 0, 0, 0, 0] diff:[0, 0, 1, 0, 0, 0, 0, 0, 0, 0, 0, 0, 0, 0, 0, 0, 0, 0, 0, 0]
Iteration 3190 New: [0, 0, 1900, 22, 6, 2, 1, 0, 0, 0, 0, 0, 0, 0, 0, 0, 0, 0, 0, 0] diff:[0, 0, 1, 0, 0, 0, 0, 0, 0, 0, 0, 0, 0, 0, 0, 0, 0, 0, 0, 0]
Iteration 3200 New: [0, 0, 1909, 22, 6, 2, 0, 0, 0, 0, 0, 0, 0, 0, 0, 0, 0, 0, 0, 0] diff:[0, 0, 1, 0, 0, 0, 0, 0, 0, 0, 0, 0, 0, 0, 0, 0, 0, 0, 0, 0]
Iteration 3210 New: [0, 0, 1917, 22, 6, 2, 0, 0, 0, 0, 0, 0, 0, 0, 0, 0, 0, 0, 0, 0] diff:[0, 0, 1, 0, 0, 0, 0, 0, 0, 0, 0, 0, 0, 0, 0, 0, 0, 0, 0, 0]
Iteration 3220 New: [0, 0, 1924, 22, 6, 1, 0, 0, 0, 0, 0, 0, 0, 0, 0, 0, 0, 0, 0, 0] diff:[0, 0, 1, 0, 0, 0, 0, 0, 0, 0, 0, 0, 0, 0, 0, 0, 0, 0, 0, 0]
Iteration 3230 New: [0, 0, 1933, 22, 6, 0, 0, 0, 0, 0, 0, 0, 0, 0, 0, 0, 0, 0, 0, 0] diff:[0, 0, 1, 0, 0, 0, 0, 0, 0, 0, 0, 0, 0, 0, 0, 0, 0, 0, 0, 0]
Iteration 3240 New: [0, 0, 1942, 22, 5, 0, 0, 0, 0, 0, 0, 0, 0, 0, 0, 0, 0, 0, 0, 0] diff:[0, 0, 1, 0, 0, 0, 0, 0, 0, 0, 0, 0, 0, 0, 0, 0, 0, 0, 0, 0]
Iteration 3250 New: [0, 0, 1943, 22, 4, 0, 0, 0, 0, 0, 0, 0, 0, 0, 0, 0, 0, 0, 0, 0] diff:[0, 0, 1, 0, 0, 0, 0, 0, 0, 0, 0, 0, 0, 0, 0, 0, 0, 0, 0, 0]
Iteration 3260 New: [0, 0, 1951, 22, 2, 0, 0, 0, 0, 0, 0, 0, 0, 0, 0, 0, 0, 0, 0, 0] diff:[0, 0, 1, 0, 0, 0, 0, 0, 0, 0, 0, 0, 0, 0, 0, 0, 0, 0, 0, 0]
Iteration 3270 New: [0, 0, 1960, 22, 1, 0, 0, 0, 0, 0, 0, 0, 0, 0, 0, 0, 0, 0, 0, 0] diff:[0, 0, 1, 0, 0, 0, 0, 0, 0, 0, 0, 0, 0, 0, 0, 0, 0, 0, 0, 0]
Iteration 3280 New: [0, 0, 1964, 21, 0, 0, 0, 0, 0, 0, 0, 0, 0, 0, 0, 0, 0, 0, 0, 0] diff:[0, 0, 1, 0, 0, 0, 0, 0, 0, 0, 0, 0, 0, 0, 0, 0, 0, 0, 0, 0]
Iteration 3290 New: [0, 0, 1972, 19, 0, 0, 0, 0, 0, 0, 0, 0, 0, 0, 0, 0, 0, 0, 0, 0] diff:[0, 0, 1, 0, 0, 0, 0, 0, 0, 0, 0, 0, 0, 0, 0, 0, 0, 0, 0, 0]
Iteration 3300 New: [0, 0, 1979, 16, 0, 0, 0, 0, 0, 0, 0, 0, 0, 0, 0, 0, 0, 0, 0, 0] diff:[0, 0, 1, 0, 0, 0, 0, 0, 0, 0, 0, 0, 0, 0, 0, 0, 0, 0, 0, 0]
Iteration 3310 New: [0, 0, 1984, 11, 0, 0, 0, 0, 0, 0, 0, 0, 0, 0, 0, 0, 0, 0, 0, 0] diff:[0, 0, 1, 0, 0, 0, 0, 0, 0, 0, 0, 0, 0, 0, 0, 0, 0, 0, 0, 0]
Iteration 3320 New: [0, 0, 1988, 7, 0, 0, 0, 0, 0, 0, 0, 0, 0, 0, 0, 0, 0, 0, 0, 0] diff:[0, 0, 1, 0, 0, 0, 0, 0, 0, 0, 0, 0, 0, 0, 0, 0, 0, 0, 0, 0]
Iteration 3330 New: [0, 0, 1995, 4, 0, 0, 0, 0, 0, 0, 0, 0, 0, 0, 0, 0, 0, 0, 0, 0] diff:[0, 0, 0, -1, 0, 0, 0, 0, 0, 0, 0, 0, 0, 0, 0, 0, 0, 0, 0, 0]
Iteration 3340 New: [0, 0, 1999, 0, 0, 0, 0, 0, 0, 0, 0, 0, 0, 0, 0, 0, 0, 0, 0, 0] diff:[0, 0, 1, 0, 0, 0, 0, 0, 0, 0, 0, 0, 0, 0, 0, 0, 0, 0, 0, 0]
Iteration 3350 New: [0, 0, 2009, 0, 0, 0, 0, 0, 0, 0, 0, 0, 0, 0, 0, 0, 0, 0, 0, 0] diff:[0, 0, 1, 0, 0, 0, 0, 0, 0, 0, 0, 0, 0, 0, 0, 0, 0, 0, 0, 0]
Iteration 3360 New: [0, 0, 2009, 0, 0, 0, 0, 0, 0, 0, 0, 0, 0, 0, 0, 0, 0, 0, 0, 0] diff:[0, 0, -1, 0, 0, 0, 0, 0, 0, 0, 0, 0, 0, 0, 0, 0, 0, 0, 0, 0]
Iteration 3370 New: [0, 0, 2013, 0, 0, 0, 0, 0, 0, 0, 0, 0, 0, 0, 0, 0, 0, 0, 0, 0] diff:[0, 0, 1, 0, 0, 0, 0, 0, 0, 0, 0, 0, 0, 0, 0, 0, 0, 0, 0, 0]
Iteration 3380 New: [0, 0, 2019, 0, 0, 0, 0, 0, 0, 0, 0, 0, 0, 0, 0, 0, 0, 0, 0, 0] diff:[0, 0, 1, 0, 0, 0, 0, 0, 0, 0, 0, 0, 0, 0, 0, 0, 0, 0, 0, 0]
Iteration 3390 New: [0, 0, 2019, 0, 0, 0, 0, 0, 0, 0, 0, 0, 0, 0, 0, 0, 0, 0, 0, 0] diff:[0, 0, 1, 0, 0, 0, 0, 0, 0, 0, 0, 0, 0, 0, 0, 0, 0, 0, 0, 0]
Iteration 3400 New: [0, 0, 2023, 0, 0, 0, 0, 0, 0, 0, 0, 0, 0, 0, 0, 0, 0, 0, 0, 0] diff:[0, 0, 1, 0, 0, 0, 0, 0, 0, 0, 0, 0, 0, 0, 0, 0, 0, 0, 0, 0]
Iteration 3410 New: [0, 0, 2021, 0, 0, 0, 0, 0, 0, 0, 0, 0, 0, 0, 0, 0, 0, 0, 0, 0] diff:[0, 0, -1, 0, 0, 0, 0, 0, 0, 0, 0, 0, 0, 0, 0, 0, 0, 0, 0, 0]
Iteration 3420 New: [0, 0, 2023, 0, 0, 0, 0, 0, 0, 0, 0, 0, 0, 0, 0, 0, 0, 0, 0, 0] diff:[0, 0, -1, 0, 0, 0, 0, 0, 0, 0, 0, 0, 0, 0, 0, 0, 0, 0, 0, 0]
Iteration 3430 New: [0, 0, 2027, 0, 0, 0, 0, 0, 0, 0, 0, 0, 0, 0, 0, 0, 0, 0, 0, 0] diff:[0, 0, 1, 0, 0, 0, 0, 0, 0, 0, 0, 0, 0, 0, 0, 0, 0, 0, 0, 0]
Iteration 3440 New: [0, 0, 2019, 0, 0, 0, 0, 0, 0, 0, 0, 0, 0, 0, 0, 0, 0, 0, 0, 0] diff:[0, 0, 1, 0, 0, 0, 0, 0, 0, 0, 0, 0, 0, 0, 0, 0, 0, 0, 0, 0]
Iteration 3450 New: [0, 0, 2021, 0, 0, 0, 0, 0, 0, 0, 0, 0, 0, 0, 0, 0, 0, 0, 0, 0] diff:[0, 0, 1, 0, 0, 0, 0, 0, 0, 0, 0, 0, 0, 0, 0, 0, 0, 0, 0, 0]
Iteration 3460 New: [0, 0, 2019, 0, 0, 0, 0, 0, 0, 0, 0, 0, 0, 0, 0, 0, 0, 0, 0, 0] diff:[0, 0, 1, 0, 0, 0, 0, 0, 0, 0, 0, 0, 0, 0, 0, 0, 0, 0, 0, 0]
Iteration 3470 New: [0, 0, 2025, 0, 0, 0, 0, 0, 0, 0, 0, 0, 0, 0, 0, 0, 0, 0, 0, 0] diff:[0, 0, 1, 0, 0, 0, 0, 0, 0, 0, 0, 0, 0, 0, 0, 0, 0, 0, 0, 0]
Iteration 3480 New: [0, 0, 2025, 0, 0, 0, 0, 0, 0, 0, 0, 0, 0, 0, 0, 0, 0, 0, 0, 0] diff:[0, 0, -1, 0, 0, 0, 0, 0, 0, 0, 0, 0, 0, 0, 0, 0, 0, 0, 0, 0]
Auto-stopped algorithm at 3482th iteration

A target 10000 more iterations took 164194375875 ns.
Iteration 3490 New: [0, 0, 2021, 0, 0, 0, 0, 0, 0, 0, 0, 0, 0, 0, 0, 0, 0, 0, 0, 0] diff:[0, 0, -1, 0, 0, 0, 0, 0, 0, 0, 0, 0, 0, 0, 0, 0, 0, 0, 0, 0]
Iteration 3500 New: [0, 0, 2023, 0, 0, 0, 0, 0, 0, 0, 0, 0, 0, 0, 0, 0, 0, 0, 0, 0] diff:[0, 0, -1, 0, 0, 0, 0, 0, 0, 0, 0, 0, 0, 0, 0, 0, 0, 0, 0, 0]
Iteration 3510 New: [0, 0, 2019, 0, 0, 0, 0, 0, 0, 0, 0, 0, 0, 0, 0, 0, 0, 0, 0, 0] diff:[0, 0, -1, 0, 0, 0, 0, 0, 0, 0, 0, 0, 0, 0, 0, 0, 0, 0, 0, 0]
Iteration 3520 New: [0, 0, 2019, 0, 0, 0, 0, 0, 0, 0, 0, 0, 0, 0, 0, 0, 0, 0, 0, 0] diff:[0, 0, 1, 0, 0, 0, 0, 0, 0, 0, 0, 0, 0, 0, 0, 0, 0, 0, 0, 0]
Iteration 3530 New: [0, 0, 2015, 0, 0, 0, 0, 0, 0, 0, 0, 0, 0, 0, 0, 0, 0, 0, 0, 0] diff:[0, 0, -1, 0, 0, 0, 0, 0, 0, 0, 0, 0, 0, 0, 0, 0, 0, 0, 0, 0]
Iteration 3540 New: [0, 0, 2017, 0, 0, 0, 0, 0, 0, 0, 0, 0, 0, 0, 0, 0, 0, 0, 0, 0] diff:[0, 0, -1, 0, 0, 0, 0, 0, 0, 0, 0, 0, 0, 0, 0, 0, 0, 0, 0, 0]
Iteration 3550 New: [0, 0, 2021, 0, 0, 0, 0, 0, 0, 0, 0, 0, 0, 0, 0, 0, 0, 0, 0, 0] diff:[0, 0, 1, 0, 0, 0, 0, 0, 0, 0, 0, 0, 0, 0, 0, 0, 0, 0, 0, 0]
Iteration 3560 New: [0, 0, 2017, 0, 0, 0, 0, 0, 0, 0, 0, 0, 0, 0, 0, 0, 0, 0, 0, 0] diff:[0, 0, 1, 0, 0, 0, 0, 0, 0, 0, 0, 0, 0, 0, 0, 0, 0, 0, 0, 0]
Iteration 3570 New: [0, 0, 2015, 0, 0, 0, 0, 0, 0, 0, 0, 0, 0, 0, 0, 0, 0, 0, 0, 0] diff:[0, 0, 1, 0, 0, 0, 0, 0, 0, 0, 0, 0, 0, 0, 0, 0, 0, 0, 0, 0]
Iteration 3580 New: [0, 0, 2015, 0, 0, 0, 0, 0, 0, 0, 0, 0, 0, 0, 0, 0, 0, 0, 0, 0] diff:[0, 0, -1, 0, 0, 0, 0, 0, 0, 0, 0, 0, 0, 0, 0, 0, 0, 0, 0, 0]
Iteration 3590 New: [0, 0, 2013, 0, 0, 0, 0, 0, 0, 0, 0, 0, 0, 0, 0, 0, 0, 0, 0, 0] diff:[0, 0, 1, 0, 0, 0, 0, 0, 0, 0, 0, 0, 0, 0, 0, 0, 0, 0, 0, 0]
Iteration 3600 New: [0, 0, 2011, 0, 0, 0, 0, 0, 0, 0, 0, 0, 0, 0, 0, 0, 0, 0, 0, 0] diff:[0, 0, -1, 0, 0, 0, 0, 0, 0, 0, 0, 0, 0, 0, 0, 0, 0, 0, 0, 0]
Iteration 3610 New: [0, 0, 2011, 0, 0, 0, 0, 0, 0, 0, 0, 0, 0, 0, 0, 0, 0, 0, 0, 0] diff:[0, 0, 1, 0, 0, 0, 0, 0, 0, 0, 0, 0, 0, 0, 0, 0, 0, 0, 0, 0]
Iteration 3620 New: [0, 0, 2013, 0, 0, 0, 0, 0, 0, 0, 0, 0, 0, 0, 0, 0, 0, 0, 0, 0] diff:[0, 0, 1, 0, 0, 0, 0, 0, 0, 0, 0, 0, 0, 0, 0, 0, 0, 0, 0, 0]
Iteration 3630 New: [0, 0, 2015, 0, 0, 0, 0, 0, 0, 0, 0, 0, 0, 0, 0, 0, 0, 0, 0, 0] diff:[0, 0, 1, 0, 0, 0, 0, 0, 0, 0, 0, 0, 0, 0, 0, 0, 0, 0, 0, 0]
Iteration 3640 New: [0, 0, 2017, 0, 0, 0, 0, 0, 0, 0, 0, 0, 0, 0, 0, 0, 0, 0, 0, 0] diff:[0, 0, 1, 0, 0, 0, 0, 0, 0, 0, 0, 0, 0, 0, 0, 0, 0, 0, 0, 0]
Iteration 3650 New: [0, 0, 2019, 0, 0, 0, 0, 0, 0, 0, 0, 0, 0, 0, 0, 0, 0, 0, 0, 0] diff:[0, 0, 1, 0, 0, 0, 0, 0, 0, 0, 0, 0, 0, 0, 0, 0, 0, 0, 0, 0]
Iteration 3660 New: [0, 0, 2019, 0, 0, 0, 0, 0, 0, 0, 0, 0, 0, 0, 0, 0, 0, 0, 0, 0] diff:[0, 0, -1, 0, 0, 0, 0, 0, 0, 0, 0, 0, 0, 0, 0, 0, 0, 0, 0, 0]
Iteration 3670 New: [0, 0, 2015, 0, 0, 0, 0, 0, 0, 0, 0, 0, 0, 0, 0, 0, 0, 0, 0, 0] diff:[0, 0, -1, 0, 0, 0, 0, 0, 0, 0, 0, 0, 0, 0, 0, 0, 0, 0, 0, 0]
Iteration 3680 New: [0, 0, 2017, 0, 0, 0, 0, 0, 0, 0, 0, 0, 0, 0, 0, 0, 0, 0, 0, 0] diff:[0, 0, -1, 0, 0, 0, 0, 0, 0, 0, 0, 0, 0, 0, 0, 0, 0, 0, 0, 0]
Iteration 3690 New: [0, 0, 2015, 0, 0, 0, 0, 0, 0, 0, 0, 0, 0, 0, 0, 0, 0, 0, 0, 0] diff:[0, 0, -1, 0, 0, 0, 0, 0, 0, 0, 0, 0, 0, 0, 0, 0, 0, 0, 0, 0]
Iteration 3700 New: [0, 0, 2013, 0, 0, 0, 0, 0, 0, 0, 0, 0, 0, 0, 0, 0, 0, 0, 0, 0] diff:[0, 0, 1, 0, 0, 0, 0, 0, 0, 0, 0, 0, 0, 0, 0, 0, 0, 0, 0, 0]
Iteration 3710 New: [0, 0, 2019, 0, 0, 0, 0, 0, 0, 0, 0, 0, 0, 0, 0, 0, 0, 0, 0, 0] diff:[0, 0, 1, 0, 0, 0, 0, 0, 0, 0, 0, 0, 0, 0, 0, 0, 0, 0, 0, 0]
Iteration 3720 New: [0, 0, 2019, 0, 0, 0, 0, 0, 0, 0, 0, 0, 0, 0, 0, 0, 0, 0, 0, 0] diff:[0, 0, -1, 0, 0, 0, 0, 0, 0, 0, 0, 0, 0, 0, 0, 0, 0, 0, 0, 0]
Iteration 3730 New: [0, 0, 2017, 0, 0, 0, 0, 0, 0, 0, 0, 0, 0, 0, 0, 0, 0, 0, 0, 0] diff:[0, 0, 1, 0, 0, 0, 0, 0, 0, 0, 0, 0, 0, 0, 0, 0, 0, 0, 0, 0]
Iteration 3740 New: [0, 0, 2017, 0, 0, 0, 0, 0, 0, 0, 0, 0, 0, 0, 0, 0, 0, 0, 0, 0] diff:[0, 0, -1, 0, 0, 0, 0, 0, 0, 0, 0, 0, 0, 0, 0, 0, 0, 0, 0, 0]
Iteration 3750 New: [0, 0, 2017, 0, 0, 0, 0, 0, 0, 0, 0, 0, 0, 0, 0, 0, 0, 0, 0, 0] diff:[0, 0, 1, 0, 0, 0, 0, 0, 0, 0, 0, 0, 0, 0, 0, 0, 0, 0, 0, 0]
Iteration 3760 New: [0, 0, 2015, 0, 0, 0, 0, 0, 0, 0, 0, 0, 0, 0, 0, 0, 0, 0, 0, 0] diff:[0, 0, -1, 0, 0, 0, 0, 0, 0, 0, 0, 0, 0, 0, 0, 0, 0, 0, 0, 0]
Iteration 3770 New: [0, 0, 2015, 0, 0, 0, 0, 0, 0, 0, 0, 0, 0, 0, 0, 0, 0, 0, 0, 0] diff:[0, 0, -1, 0, 0, 0, 0, 0, 0, 0, 0, 0, 0, 0, 0, 0, 0, 0, 0, 0]
Iteration 3780 New: [0, 0, 2017, 0, 0, 0, 0, 0, 0, 0, 0, 0, 0, 0, 0, 0, 0, 0, 0, 0] diff:[0, 0, 1, 0, 0, 0, 0, 0, 0, 0, 0, 0, 0, 0, 0, 0, 0, 0, 0, 0]
Iteration 3790 New: [0, 0, 2015, 0, 0, 0, 0, 0, 0, 0, 0, 0, 0, 0, 0, 0, 0, 0, 0, 0] diff:[0, 0, 1, 0, 0, 0, 0, 0, 0, 0, 0, 0, 0, 0, 0, 0, 0, 0, 0, 0]
Iteration 3800 New: [0, 0, 2017, 0, 0, 0, 0, 0, 0, 0, 0, 0, 0, 0, 0, 0, 0, 0, 0, 0] diff:[0, 0, -1, 0, 0, 0, 0, 0, 0, 0, 0, 0, 0, 0, 0, 0, 0, 0, 0, 0]
Iteration 3810 New: [0, 0, 2017, 0, 0, 0, 0, 0, 0, 0, 0, 0, 0, 0, 0, 0, 0, 0, 0, 0] diff:[0, 0, 1, 0, 0, 0, 0, 0, 0, 0, 0, 0, 0, 0, 0, 0, 0, 0, 0, 0]
Iteration 3820 New: [0, 0, 2019, 0, 0, 0, 0, 0, 0, 0, 0, 0, 0, 0, 0, 0, 0, 0, 0, 0] diff:[0, 0, 1, 0, 0, 0, 0, 0, 0, 0, 0, 0, 0, 0, 0, 0, 0, 0, 0, 0]
Iteration 3830 New: [0, 0, 2021, 0, 0, 0, 0, 0, 0, 0, 0, 0, 0, 0, 0, 0, 0, 0, 0, 0] diff:[0, 0, 1, 0, 0, 0, 0, 0, 0, 0, 0, 0, 0, 0, 0, 0, 0, 0, 0, 0]
Iteration 3840 New: [0, 0, 2019, 0, 0, 0, 0, 0, 0, 0, 0, 0, 0, 0, 0, 0, 0, 0, 0, 0] diff:[0, 0, -1, 0, 0, 0, 0, 0, 0, 0, 0, 0, 0, 0, 0, 0, 0, 0, 0, 0]
Iteration 3850 New: [0, 0, 2021, 0, 0, 0, 0, 0, 0, 0, 0, 0, 0, 0, 0, 0, 0, 0, 0, 0] diff:[0, 0, 1, 0, 0, 0, 0, 0, 0, 0, 0, 0, 0, 0, 0, 0, 0, 0, 0, 0]
Iteration 3860 New: [0, 0, 2021, 0, 0, 0, 0, 0, 0, 0, 0, 0, 0, 0, 0, 0, 0, 0, 0, 0] diff:[0, 0, 1, 0, 0, 0, 0, 0, 0, 0, 0, 0, 0, 0, 0, 0, 0, 0, 0, 0]
Iteration 3870 New: [0, 0, 2019, 0, 0, 0, 0, 0, 0, 0, 0, 0, 0, 0, 0, 0, 0, 0, 0, 0] diff:[0, 0, 1, 0, 0, 0, 0, 0, 0, 0, 0, 0, 0, 0, 0, 0, 0, 0, 0, 0]
Iteration 3880 New: [0, 0, 2017, 0, 0, 0, 0, 0, 0, 0, 0, 0, 0, 0, 0, 0, 0, 0, 0, 0] diff:[0, 0, -1, 0, 0, 0, 0, 0, 0, 0, 0, 0, 0, 0, 0, 0, 0, 0, 0, 0]
Iteration 3890 New: [0, 0, 2017, 0, 0, 0, 0, 0, 0, 0, 0, 0, 0, 0, 0, 0, 0, 0, 0, 0] diff:[0, 0, 1, 0, 0, 0, 0, 0, 0, 0, 0, 0, 0, 0, 0, 0, 0, 0, 0, 0]
Iteration 3900 New: [0, 0, 2013, 0, 0, 0, 0, 0, 0, 0, 0, 0, 0, 0, 0, 0, 0, 0, 0, 0] diff:[0, 0, -1, 0, 0, 0, 0, 0, 0, 0, 0, 0, 0, 0, 0, 0, 0, 0, 0, 0]
Iteration 3910 New: [0, 0, 2015, 0, 0, 0, 0, 0, 0, 0, 0, 0, 0, 0, 0, 0, 0, 0, 0, 0] diff:[0, 0, 1, 0, 0, 0, 0, 0, 0, 0, 0, 0, 0, 0, 0, 0, 0, 0, 0, 0]
Iteration 3920 New: [0, 0, 2021, 0, 0, 0, 0, 0, 0, 0, 0, 0, 0, 0, 0, 0, 0, 0, 0, 0] diff:[0, 0, 1, 0, 0, 0, 0, 0, 0, 0, 0, 0, 0, 0, 0, 0, 0, 0, 0, 0]
Iteration 3930 New: [0, 0, 2027, 0, 0, 0, 0, 0, 0, 0, 0, 0, 0, 0, 0, 0, 0, 0, 0, 0] diff:[0, 0, 1, 0, 0, 0, 0, 0, 0, 0, 0, 0, 0, 0, 0, 0, 0, 0, 0, 0]
Iteration 3940 New: [0, 0, 2027, 0, 0, 0, 0, 0, 0, 0, 0, 0, 0, 0, 0, 0, 0, 0, 0, 0] diff:[0, 0, -1, 0, 0, 0, 0, 0, 0, 0, 0, 0, 0, 0, 0, 0, 0, 0, 0, 0]
Iteration 3950 New: [0, 0, 2029, 0, 0, 0, 0, 0, 0, 0, 0, 0, 0, 0, 0, 0, 0, 0, 0, 0] diff:[0, 0, 1, 0, 0, 0, 0, 0, 0, 0, 0, 0, 0, 0, 0, 0, 0, 0, 0, 0]
Iteration 3960 New: [0, 0, 2027, 0, 0, 0, 0, 0, 0, 0, 0, 0, 0, 0, 0, 0, 0, 0, 0, 0] diff:[0, 0, -1, 0, 0, 0, 0, 0, 0, 0, 0, 0, 0, 0, 0, 0, 0, 0, 0, 0]
Iteration 3970 New: [0, 0, 2029, 0, 0, 0, 0, 0, 0, 0, 0, 0, 0, 0, 0, 0, 0, 0, 0, 0] diff:[0, 0, -1, 0, 0, 0, 0, 0, 0, 0, 0, 0, 0, 0, 0, 0, 0, 0, 0, 0]
Iteration 3980 New: [0, 0, 2027, 0, 0, 0, 0, 0, 0, 0, 0, 0, 0, 0, 0, 0, 0, 0, 0, 0] diff:[0, 0, -1, 0, 0, 0, 0, 0, 0, 0, 0, 0, 0, 0, 0, 0, 0, 0, 0, 0]
Iteration 3990 New: [0, 0, 2029, 0, 0, 0, 0, 0, 0, 0, 0, 0, 0, 0, 0, 0, 0, 0, 0, 0] diff:[0, 0, 1, 0, 0, 0, 0, 0, 0, 0, 0, 0, 0, 0, 0, 0, 0, 0, 0, 0]
Iteration 4000 New: [0, 0, 2027, 0, 0, 0, 0, 0, 0, 0, 0, 0, 0, 0, 0, 0, 0, 0, 0, 0] diff:[0, 0, 1, 0, 0, 0, 0, 0, 0, 0, 0, 0, 0, 0, 0, 0, 0, 0, 0, 0]
Iteration 4010 New: [0, 0, 2027, 0, 0, 0, 0, 0, 0, 0, 0, 0, 0, 0, 0, 0, 0, 0, 0, 0] diff:[0, 0, -1, 0, 0, 0, 0, 0, 0, 0, 0, 0, 0, 0, 0, 0, 0, 0, 0, 0]
Iteration 4020 New: [0, 0, 2027, 0, 0, 0, 0, 0, 0, 0, 0, 0, 0, 0, 0, 0, 0, 0, 0, 0] diff:[0, 0, 1, 0, 0, 0, 0, 0, 0, 0, 0, 0, 0, 0, 0, 0, 0, 0, 0, 0]
Iteration 4030 New: [0, 0, 2025, 0, 0, 0, 0, 0, 0, 0, 0, 0, 0, 0, 0, 0, 0, 0, 0, 0] diff:[0, 0, -1, 0, 0, 0, 0, 0, 0, 0, 0, 0, 0, 0, 0, 0, 0, 0, 0, 0]
Iteration 4040 New: [0, 0, 2025, 0, 0, 0, 0, 0, 0, 0, 0, 0, 0, 0, 0, 0, 0, 0, 0, 0] diff:[0, 0, -1, 0, 0, 0, 0, 0, 0, 0, 0, 0, 0, 0, 0, 0, 0, 0, 0, 0]
Iteration 4050 New: [0, 0, 2021, 0, 0, 0, 0, 0, 0, 0, 0, 0, 0, 0, 0, 0, 0, 0, 0, 0] diff:[0, 0, -1, 0, 0, 0, 0, 0, 0, 0, 0, 0, 0, 0, 0, 0, 0, 0, 0, 0]
Iteration 4060 New: [0, 0, 2021, 0, 0, 0, 0, 0, 0, 0, 0, 0, 0, 0, 0, 0, 0, 0, 0, 0] diff:[0, 0, -1, 0, 0, 0, 0, 0, 0, 0, 0, 0, 0, 0, 0, 0, 0, 0, 0, 0]
Iteration 4070 New: [0, 0, 2021, 0, 0, 0, 0, 0, 0, 0, 0, 0, 0, 0, 0, 0, 0, 0, 0, 0] diff:[0, 0, 1, 0, 0, 0, 0, 0, 0, 0, 0, 0, 0, 0, 0, 0, 0, 0, 0, 0]
Iteration 4080 New: [0, 0, 2017, 0, 0, 0, 0, 0, 0, 0, 0, 0, 0, 0, 0, 0, 0, 0, 0, 0] diff:[0, 0, -1, 0, 0, 0, 0, 0, 0, 0, 0, 0, 0, 0, 0, 0, 0, 0, 0, 0]
Iteration 4090 New: [0, 0, 2019, 0, 0, 0, 0, 0, 0, 0, 0, 0, 0, 0, 0, 0, 0, 0, 0, 0] diff:[0, 0, -1, 0, 0, 0, 0, 0, 0, 0, 0, 0, 0, 0, 0, 0, 0, 0, 0, 0]
Iteration 4100 New: [0, 0, 2019, 0, 0, 0, 0, 0, 0, 0, 0, 0, 0, 0, 0, 0, 0, 0, 0, 0] diff:[0, 0, 1, 0, 0, 0, 0, 0, 0, 0, 0, 0, 0, 0, 0, 0, 0, 0, 0, 0]
Iteration 4110 New: [0, 0, 2019, 0, 0, 0, 0, 0, 0, 0, 0, 0, 0, 0, 0, 0, 0, 0, 0, 0] diff:[0, 0, 1, 0, 0, 0, 0, 0, 0, 0, 0, 0, 0, 0, 0, 0, 0, 0, 0, 0]
Iteration 4120 New: [0, 0, 2015, 0, 0, 0, 0, 0, 0, 0, 0, 0, 0, 0, 0, 0, 0, 0, 0, 0] diff:[0, 0, -1, 0, 0, 0, 0, 0, 0, 0, 0, 0, 0, 0, 0, 0, 0, 0, 0, 0]
Iteration 4130 New: [0, 0, 2017, 0, 0, 0, 0, 0, 0, 0, 0, 0, 0, 0, 0, 0, 0, 0, 0, 0] diff:[0, 0, 1, 0, 0, 0, 0, 0, 0, 0, 0, 0, 0, 0, 0, 0, 0, 0, 0, 0]
Iteration 4140 New: [0, 0, 2015, 0, 0, 0, 0, 0, 0, 0, 0, 0, 0, 0, 0, 0, 0, 0, 0, 0] diff:[0, 0, -1, 0, 0, 0, 0, 0, 0, 0, 0, 0, 0, 0, 0, 0, 0, 0, 0, 0]
Iteration 4150 New: [0, 0, 2013, 0, 0, 0, 0, 0, 0, 0, 0, 0, 0, 0, 0, 0, 0, 0, 0, 0] diff:[0, 0, -1, 0, 0, 0, 0, 0, 0, 0, 0, 0, 0, 0, 0, 0, 0, 0, 0, 0]
Iteration 4160 New: [0, 0, 2015, 0, 0, 0, 0, 0, 0, 0, 0, 0, 0, 0, 0, 0, 0, 0, 0, 0] diff:[0, 0, 1, 0, 0, 0, 0, 0, 0, 0, 0, 0, 0, 0, 0, 0, 0, 0, 0, 0]
Iteration 4170 New: [0, 0, 2015, 0, 0, 0, 0, 0, 0, 0, 0, 0, 0, 0, 0, 0, 0, 0, 0, 0] diff:[0, 0, -1, 0, 0, 0, 0, 0, 0, 0, 0, 0, 0, 0, 0, 0, 0, 0, 0, 0]
Iteration 4180 New: [0, 0, 2017, 0, 0, 0, 0, 0, 0, 0, 0, 0, 0, 0, 0, 0, 0, 0, 0, 0] diff:[0, 0, 1, 0, 0, 0, 0, 0, 0, 0, 0, 0, 0, 0, 0, 0, 0, 0, 0, 0]
Iteration 4190 New: [0, 0, 2019, 0, 0, 0, 0, 0, 0, 0, 0, 0, 0, 0, 0, 0, 0, 0, 0, 0] diff:[0, 0, 1, 0, 0, 0, 0, 0, 0, 0, 0, 0, 0, 0, 0, 0, 0, 0, 0, 0]
Iteration 4200 New: [0, 0, 2021, 0, 0, 0, 0, 0, 0, 0, 0, 0, 0, 0, 0, 0, 0, 0, 0, 0] diff:[0, 0, 1, 0, 0, 0, 0, 0, 0, 0, 0, 0, 0, 0, 0, 0, 0, 0, 0, 0]
Iteration 4210 New: [0, 0, 2021, 0, 0, 0, 0, 0, 0, 0, 0, 0, 0, 0, 0, 0, 0, 0, 0, 0] diff:[0, 0, -1, 0, 0, 0, 0, 0, 0, 0, 0, 0, 0, 0, 0, 0, 0, 0, 0, 0]
Iteration 4220 New: [0, 0, 2019, 0, 0, 0, 0, 0, 0, 0, 0, 0, 0, 0, 0, 0, 0, 0, 0, 0] diff:[0, 0, 1, 0, 0, 0, 0, 0, 0, 0, 0, 0, 0, 0, 0, 0, 0, 0, 0, 0]
Iteration 4230 New: [0, 0, 2021, 0, 0, 0, 0, 0, 0, 0, 0, 0, 0, 0, 0, 0, 0, 0, 0, 0] diff:[0, 0, 1, 0, 0, 0, 0, 0, 0, 0, 0, 0, 0, 0, 0, 0, 0, 0, 0, 0]
Iteration 4240 New: [0, 0, 2019, 0, 0, 0, 0, 0, 0, 0, 0, 0, 0, 0, 0, 0, 0, 0, 0, 0] diff:[0, 0, -1, 0, 0, 0, 0, 0, 0, 0, 0, 0, 0, 0, 0, 0, 0, 0, 0, 0]
Iteration 4250 New: [0, 0, 2019, 0, 0, 0, 0, 0, 0, 0, 0, 0, 0, 0, 0, 0, 0, 0, 0, 0] diff:[0, 0, -1, 0, 0, 0, 0, 0, 0, 0, 0, 0, 0, 0, 0, 0, 0, 0, 0, 0]
Iteration 4260 New: [0, 0, 2019, 0, 0, 0, 0, 0, 0, 0, 0, 0, 0, 0, 0, 0, 0, 0, 0, 0] diff:[0, 0, 1, 0, 0, 0, 0, 0, 0, 0, 0, 0, 0, 0, 0, 0, 0, 0, 0, 0]
Iteration 4270 New: [0, 0, 2017, 0, 0, 0, 0, 0, 0, 0, 0, 0, 0, 0, 0, 0, 0, 0, 0, 0] diff:[0, 0, 1, 0, 0, 0, 0, 0, 0, 0, 0, 0, 0, 0, 0, 0, 0, 0, 0, 0]
Iteration 4280 New: [0, 0, 2017, 0, 0, 0, 0, 0, 0, 0, 0, 0, 0, 0, 0, 0, 0, 0, 0, 0] diff:[0, 0, 1, 0, 0, 0, 0, 0, 0, 0, 0, 0, 0, 0, 0, 0, 0, 0, 0, 0]
Iteration 4290 New: [0, 0, 2017, 0, 0, 0, 0, 0, 0, 0, 0, 0, 0, 0, 0, 0, 0, 0, 0, 0] diff:[0, 0, 1, 0, 0, 0, 0, 0, 0, 0, 0, 0, 0, 0, 0, 0, 0, 0, 0, 0]
Iteration 4300 New: [0, 0, 2019, 0, 0, 0, 0, 0, 0, 0, 0, 0, 0, 0, 0, 0, 0, 0, 0, 0] diff:[0, 0, 1, 0, 0, 0, 0, 0, 0, 0, 0, 0, 0, 0, 0, 0, 0, 0, 0, 0]
Iteration 4310 New: [0, 0, 2019, 0, 0, 0, 0, 0, 0, 0, 0, 0, 0, 0, 0, 0, 0, 0, 0, 0] diff:[0, 0, -1, 0, 0, 0, 0, 0, 0, 0, 0, 0, 0, 0, 0, 0, 0, 0, 0, 0]
Iteration 4320 New: [0, 0, 2019, 0, 0, 0, 0, 0, 0, 0, 0, 0, 0, 0, 0, 0, 0, 0, 0, 0] diff:[0, 0, 1, 0, 0, 0, 0, 0, 0, 0, 0, 0, 0, 0, 0, 0, 0, 0, 0, 0]
Iteration 4330 New: [0, 0, 2015, 0, 0, 0, 0, 0, 0, 0, 0, 0, 0, 0, 0, 0, 0, 0, 0, 0] diff:[0, 0, -1, 0, 0, 0, 0, 0, 0, 0, 0, 0, 0, 0, 0, 0, 0, 0, 0, 0]
Iteration 4340 New: [0, 0, 2015, 0, 0, 0, 0, 0, 0, 0, 0, 0, 0, 0, 0, 0, 0, 0, 0, 0] diff:[0, 0, 1, 0, 0, 0, 0, 0, 0, 0, 0, 0, 0, 0, 0, 0, 0, 0, 0, 0]
Iteration 4350 New: [0, 0, 2017, 0, 0, 0, 0, 0, 0, 0, 0, 0, 0, 0, 0, 0, 0, 0, 0, 0] diff:[0, 0, 1, 0, 0, 0, 0, 0, 0, 0, 0, 0, 0, 0, 0, 0, 0, 0, 0, 0]
Iteration 4360 New: [0, 0, 2015, 0, 0, 0, 0, 0, 0, 0, 0, 0, 0, 0, 0, 0, 0, 0, 0, 0] diff:[0, 0, -1, 0, 0, 0, 0, 0, 0, 0, 0, 0, 0, 0, 0, 0, 0, 0, 0, 0]
Iteration 4370 New: [0, 0, 2017, 0, 0, 0, 0, 0, 0, 0, 0, 0, 0, 0, 0, 0, 0, 0, 0, 0] diff:[0, 0, 1, 0, 0, 0, 0, 0, 0, 0, 0, 0, 0, 0, 0, 0, 0, 0, 0, 0]
Iteration 4380 New: [0, 0, 2017, 0, 0, 0, 0, 0, 0, 0, 0, 0, 0, 0, 0, 0, 0, 0, 0, 0] diff:[0, 0, -1, 0, 0, 0, 0, 0, 0, 0, 0, 0, 0, 0, 0, 0, 0, 0, 0, 0]
Iteration 4390 New: [0, 0, 2017, 0, 0, 0, 0, 0, 0, 0, 0, 0, 0, 0, 0, 0, 0, 0, 0, 0] diff:[0, 0, -1, 0, 0, 0, 0, 0, 0, 0, 0, 0, 0, 0, 0, 0, 0, 0, 0, 0]
Iteration 4400 New: [0, 0, 2015, 0, 0, 0, 0, 0, 0, 0, 0, 0, 0, 0, 0, 0, 0, 0, 0, 0] diff:[0, 0, -1, 0, 0, 0, 0, 0, 0, 0, 0, 0, 0, 0, 0, 0, 0, 0, 0, 0]
Iteration 4410 New: [0, 0, 2021, 0, 0, 0, 0, 0, 0, 0, 0, 0, 0, 0, 0, 0, 0, 0, 0, 0] diff:[0, 0, 1, 0, 0, 0, 0, 0, 0, 0, 0, 0, 0, 0, 0, 0, 0, 0, 0, 0]
Iteration 4420 New: [0, 0, 2023, 0, 0, 0, 0, 0, 0, 0, 0, 0, 0, 0, 0, 0, 0, 0, 0, 0] diff:[0, 0, 1, 0, 0, 0, 0, 0, 0, 0, 0, 0, 0, 0, 0, 0, 0, 0, 0, 0]
Iteration 4430 New: [0, 0, 2023, 0, 0, 0, 0, 0, 0, 0, 0, 0, 0, 0, 0, 0, 0, 0, 0, 0] diff:[0, 0, 1, 0, 0, 0, 0, 0, 0, 0, 0, 0, 0, 0, 0, 0, 0, 0, 0, 0]
Iteration 4440 New: [0, 0, 2023, 0, 0, 0, 0, 0, 0, 0, 0, 0, 0, 0, 0, 0, 0, 0, 0, 0] diff:[0, 0, -1, 0, 0, 0, 0, 0, 0, 0, 0, 0, 0, 0, 0, 0, 0, 0, 0, 0]
Iteration 4450 New: [0, 0, 2027, 0, 0, 0, 0, 0, 0, 0, 0, 0, 0, 0, 0, 0, 0, 0, 0, 0] diff:[0, 0, 1, 0, 0, 0, 0, 0, 0, 0, 0, 0, 0, 0, 0, 0, 0, 0, 0, 0]
Iteration 4460 New: [0, 0, 2021, 0, 0, 0, 0, 0, 0, 0, 0, 0, 0, 0, 0, 0, 0, 0, 0, 0] diff:[0, 0, 1, 0, 0, 0, 0, 0, 0, 0, 0, 0, 0, 0, 0, 0, 0, 0, 0, 0]
Iteration 4470 New: [0, 0, 2017, 0, 0, 0, 0, 0, 0, 0, 0, 0, 0, 0, 0, 0, 0, 0, 0, 0] diff:[0, 0, -1, 0, 0, 0, 0, 0, 0, 0, 0, 0, 0, 0, 0, 0, 0, 0, 0, 0]
Iteration 4480 New: [0, 0, 2021, 0, 0, 0, 0, 0, 0, 0, 0, 0, 0, 0, 0, 0, 0, 0, 0, 0] diff:[0, 0, 1, 0, 0, 0, 0, 0, 0, 0, 0, 0, 0, 0, 0, 0, 0, 0, 0, 0]
Iteration 4490 New: [0, 0, 2021, 0, 0, 0, 0, 0, 0, 0, 0, 0, 0, 0, 0, 0, 0, 0, 0, 0] diff:[0, 0, 1, 0, 0, 0, 0, 0, 0, 0, 0, 0, 0, 0, 0, 0, 0, 0, 0, 0]
Iteration 4500 New: [0, 0, 2021, 0, 0, 0, 0, 0, 0, 0, 0, 0, 0, 0, 0, 0, 0, 0, 0, 0] diff:[0, 0, 1, 0, 0, 0, 0, 0, 0, 0, 0, 0, 0, 0, 0, 0, 0, 0, 0, 0]
Iteration 4510 New: [0, 0, 2015, 0, 0, 0, 0, 0, 0, 0, 0, 0, 0, 0, 0, 0, 0, 0, 0, 0] diff:[0, 0, -1, 0, 0, 0, 0, 0, 0, 0, 0, 0, 0, 0, 0, 0, 0, 0, 0, 0]
Iteration 4520 New: [0, 0, 2015, 0, 0, 0, 0, 0, 0, 0, 0, 0, 0, 0, 0, 0, 0, 0, 0, 0] diff:[0, 0, 1, 0, 0, 0, 0, 0, 0, 0, 0, 0, 0, 0, 0, 0, 0, 0, 0, 0]
Iteration 4530 New: [0, 0, 2015, 0, 0, 0, 0, 0, 0, 0, 0, 0, 0, 0, 0, 0, 0, 0, 0, 0] diff:[0, 0, -1, 0, 0, 0, 0, 0, 0, 0, 0, 0, 0, 0, 0, 0, 0, 0, 0, 0]
Iteration 4540 New: [0, 0, 2017, 0, 0, 0, 0, 0, 0, 0, 0, 0, 0, 0, 0, 0, 0, 0, 0, 0] diff:[0, 0, 1, 0, 0, 0, 0, 0, 0, 0, 0, 0, 0, 0, 0, 0, 0, 0, 0, 0]
Iteration 4550 New: [0, 0, 2017, 0, 0, 0, 0, 0, 0, 0, 0, 0, 0, 0, 0, 0, 0, 0, 0, 0] diff:[0, 0, 1, 0, 0, 0, 0, 0, 0, 0, 0, 0, 0, 0, 0, 0, 0, 0, 0, 0]
Iteration 4560 New: [0, 0, 2021, 0, 0, 0, 0, 0, 0, 0, 0, 0, 0, 0, 0, 0, 0, 0, 0, 0] diff:[0, 0, -1, 0, 0, 0, 0, 0, 0, 0, 0, 0, 0, 0, 0, 0, 0, 0, 0, 0]
Iteration 4570 New: [0, 0, 2021, 0, 0, 0, 0, 0, 0, 0, 0, 0, 0, 0, 0, 0, 0, 0, 0, 0] diff:[0, 0, 1, 0, 0, 0, 0, 0, 0, 0, 0, 0, 0, 0, 0, 0, 0, 0, 0, 0]
Iteration 4580 New: [0, 0, 2023, 0, 0, 0, 0, 0, 0, 0, 0, 0, 0, 0, 0, 0, 0, 0, 0, 0] diff:[0, 0, 1, 0, 0, 0, 0, 0, 0, 0, 0, 0, 0, 0, 0, 0, 0, 0, 0, 0]
Iteration 4590 New: [0, 0, 2017, 0, 0, 0, 0, 0, 0, 0, 0, 0, 0, 0, 0, 0, 0, 0, 0, 0] diff:[0, 0, -1, 0, 0, 0, 0, 0, 0, 0, 0, 0, 0, 0, 0, 0, 0, 0, 0, 0]
Iteration 4600 New: [0, 0, 2019, 0, 0, 0, 0, 0, 0, 0, 0, 0, 0, 0, 0, 0, 0, 0, 0, 0] diff:[0, 0, 1, 0, 0, 0, 0, 0, 0, 0, 0, 0, 0, 0, 0, 0, 0, 0, 0, 0]
Iteration 4610 New: [0, 0, 2021, 0, 0, 0, 0, 0, 0, 0, 0, 0, 0, 0, 0, 0, 0, 0, 0, 0] diff:[0, 0, 1, 0, 0, 0, 0, 0, 0, 0, 0, 0, 0, 0, 0, 0, 0, 0, 0, 0]
Iteration 4620 New: [0, 0, 2017, 0, 0, 0, 0, 0, 0, 0, 0, 0, 0, 0, 0, 0, 0, 0, 0, 0] diff:[0, 0, -1, 0, 0, 0, 0, 0, 0, 0, 0, 0, 0, 0, 0, 0, 0, 0, 0, 0]
Iteration 4630 New: [0, 0, 2015, 0, 0, 0, 0, 0, 0, 0, 0, 0, 0, 0, 0, 0, 0, 0, 0, 0] diff:[0, 0, -1, 0, 0, 0, 0, 0, 0, 0, 0, 0, 0, 0, 0, 0, 0, 0, 0, 0]
Iteration 4640 New: [0, 0, 2015, 0, 0, 0, 0, 0, 0, 0, 0, 0, 0, 0, 0, 0, 0, 0, 0, 0] diff:[0, 0, -1, 0, 0, 0, 0, 0, 0, 0, 0, 0, 0, 0, 0, 0, 0, 0, 0, 0]
Iteration 4650 New: [0, 0, 2019, 0, 0, 0, 0, 0, 0, 0, 0, 0, 0, 0, 0, 0, 0, 0, 0, 0] diff:[0, 0, 1, 0, 0, 0, 0, 0, 0, 0, 0, 0, 0, 0, 0, 0, 0, 0, 0, 0]
Iteration 4660 New: [0, 0, 2017, 0, 0, 0, 0, 0, 0, 0, 0, 0, 0, 0, 0, 0, 0, 0, 0, 0] diff:[0, 0, -1, 0, 0, 0, 0, 0, 0, 0, 0, 0, 0, 0, 0, 0, 0, 0, 0, 0]
Iteration 4670 New: [0, 0, 2017, 0, 0, 0, 0, 0, 0, 0, 0, 0, 0, 0, 0, 0, 0, 0, 0, 0] diff:[0, 0, 1, 0, 0, 0, 0, 0, 0, 0, 0, 0, 0, 0, 0, 0, 0, 0, 0, 0]
Iteration 4680 New: [0, 0, 2021, 0, 0, 0, 0, 0, 0, 0, 0, 0, 0, 0, 0, 0, 0, 0, 0, 0] diff:[0, 0, -1, 0, 0, 0, 0, 0, 0, 0, 0, 0, 0, 0, 0, 0, 0, 0, 0, 0]
Iteration 4690 New: [0, 0, 2021, 0, 0, 0, 0, 0, 0, 0, 0, 0, 0, 0, 0, 0, 0, 0, 0, 0] diff:[0, 0, -1, 0, 0, 0, 0, 0, 0, 0, 0, 0, 0, 0, 0, 0, 0, 0, 0, 0]
Iteration 4700 New: [0, 0, 2021, 0, 0, 0, 0, 0, 0, 0, 0, 0, 0, 0, 0, 0, 0, 0, 0, 0] diff:[0, 0, 1, 0, 0, 0, 0, 0, 0, 0, 0, 0, 0, 0, 0, 0, 0, 0, 0, 0]
Iteration 4710 New: [0, 0, 2023, 0, 0, 0, 0, 0, 0, 0, 0, 0, 0, 0, 0, 0, 0, 0, 0, 0] diff:[0, 0, -1, 0, 0, 0, 0, 0, 0, 0, 0, 0, 0, 0, 0, 0, 0, 0, 0, 0]
Iteration 4720 New: [0, 0, 2021, 0, 0, 0, 0, 0, 0, 0, 0, 0, 0, 0, 0, 0, 0, 0, 0, 0] diff:[0, 0, -1, 0, 0, 0, 0, 0, 0, 0, 0, 0, 0, 0, 0, 0, 0, 0, 0, 0]
Iteration 4730 New: [0, 0, 2017, 0, 0, 0, 0, 0, 0, 0, 0, 0, 0, 0, 0, 0, 0, 0, 0, 0] diff:[0, 0, -1, 0, 0, 0, 0, 0, 0, 0, 0, 0, 0, 0, 0, 0, 0, 0, 0, 0]
Iteration 4740 New: [0, 0, 2017, 0, 0, 0, 0, 0, 0, 0, 0, 0, 0, 0, 0, 0, 0, 0, 0, 0] diff:[0, 0, -1, 0, 0, 0, 0, 0, 0, 0, 0, 0, 0, 0, 0, 0, 0, 0, 0, 0]
Iteration 4750 New: [0, 0, 2015, 0, 0, 0, 0, 0, 0, 0, 0, 0, 0, 0, 0, 0, 0, 0, 0, 0] diff:[0, 0, 1, 0, 0, 0, 0, 0, 0, 0, 0, 0, 0, 0, 0, 0, 0, 0, 0, 0]
Iteration 4760 New: [0, 0, 2021, 0, 0, 0, 0, 0, 0, 0, 0, 0, 0, 0, 0, 0, 0, 0, 0, 0] diff:[0, 0, 1, 0, 0, 0, 0, 0, 0, 0, 0, 0, 0, 0, 0, 0, 0, 0, 0, 0]
Iteration 4770 New: [0, 0, 2019, 0, 0, 0, 0, 0, 0, 0, 0, 0, 0, 0, 0, 0, 0, 0, 0, 0] diff:[0, 0, 1, 0, 0, 0, 0, 0, 0, 0, 0, 0, 0, 0, 0, 0, 0, 0, 0, 0]
Iteration 4780 New: [0, 0, 2019, 0, 0, 0, 0, 0, 0, 0, 0, 0, 0, 0, 0, 0, 0, 0, 0, 0] diff:[0, 0, -1, 0, 0, 0, 0, 0, 0, 0, 0, 0, 0, 0, 0, 0, 0, 0, 0, 0]
Iteration 4790 New: [0, 0, 2017, 0, 0, 0, 0, 0, 0, 0, 0, 0, 0, 0, 0, 0, 0, 0, 0, 0] diff:[0, 0, -1, 0, 0, 0, 0, 0, 0, 0, 0, 0, 0, 0, 0, 0, 0, 0, 0, 0]
Iteration 4800 New: [0, 0, 2017, 0, 0, 0, 0, 0, 0, 0, 0, 0, 0, 0, 0, 0, 0, 0, 0, 0] diff:[0, 0, 1, 0, 0, 0, 0, 0, 0, 0, 0, 0, 0, 0, 0, 0, 0, 0, 0, 0]
Iteration 4810 New: [0, 0, 2013, 0, 0, 0, 0, 0, 0, 0, 0, 0, 0, 0, 0, 0, 0, 0, 0, 0] diff:[0, 0, -1, 0, 0, 0, 0, 0, 0, 0, 0, 0, 0, 0, 0, 0, 0, 0, 0, 0]
Iteration 4820 New: [0, 0, 2009, 0, 0, 0, 0, 0, 0, 0, 0, 0, 0, 0, 0, 0, 0, 0, 0, 0] diff:[0, 0, -1, 0, 0, 0, 0, 0, 0, 0, 0, 0, 0, 0, 0, 0, 0, 0, 0, 0]
Iteration 4830 New: [0, 0, 2017, 0, 0, 0, 0, 0, 0, 0, 0, 0, 0, 0, 0, 0, 0, 0, 0, 0] diff:[0, 0, 1, 0, 0, 0, 0, 0, 0, 0, 0, 0, 0, 0, 0, 0, 0, 0, 0, 0]
Iteration 4840 New: [0, 0, 2021, 0, 0, 0, 0, 0, 0, 0, 0, 0, 0, 0, 0, 0, 0, 0, 0, 0] diff:[0, 0, 1, 0, 0, 0, 0, 0, 0, 0, 0, 0, 0, 0, 0, 0, 0, 0, 0, 0]
Iteration 4850 New: [0, 0, 2019, 0, 0, 0, 0, 0, 0, 0, 0, 0, 0, 0, 0, 0, 0, 0, 0, 0] diff:[0, 0, 1, 0, 0, 0, 0, 0, 0, 0, 0, 0, 0, 0, 0, 0, 0, 0, 0, 0]
Iteration 4860 New: [0, 0, 2021, 0, 0, 0, 0, 0, 0, 0, 0, 0, 0, 0, 0, 0, 0, 0, 0, 0] diff:[0, 0, 1, 0, 0, 0, 0, 0, 0, 0, 0, 0, 0, 0, 0, 0, 0, 0, 0, 0]
Iteration 4870 New: [0, 0, 2015, 0, 0, 0, 0, 0, 0, 0, 0, 0, 0, 0, 0, 0, 0, 0, 0, 0] diff:[0, 0, -1, 0, 0, 0, 0, 0, 0, 0, 0, 0, 0, 0, 0, 0, 0, 0, 0, 0]
Iteration 4880 New: [0, 0, 2015, 0, 0, 0, 0, 0, 0, 0, 0, 0, 0, 0, 0, 0, 0, 0, 0, 0] diff:[0, 0, -1, 0, 0, 0, 0, 0, 0, 0, 0, 0, 0, 0, 0, 0, 0, 0, 0, 0]
Iteration 4890 New: [0, 0, 2013, 0, 0, 0, 0, 0, 0, 0, 0, 0, 0, 0, 0, 0, 0, 0, 0, 0] diff:[0, 0, -1, 0, 0, 0, 0, 0, 0, 0, 0, 0, 0, 0, 0, 0, 0, 0, 0, 0]
Iteration 4900 New: [0, 0, 2009, 0, 0, 0, 0, 0, 0, 0, 0, 0, 0, 0, 0, 0, 0, 0, 0, 0] diff:[0, 0, -1, 0, 0, 0, 0, 0, 0, 0, 0, 0, 0, 0, 0, 0, 0, 0, 0, 0]
Iteration 4910 New: [0, 0, 2011, 0, 0, 0, 0, 0, 0, 0, 0, 0, 0, 0, 0, 0, 0, 0, 0, 0] diff:[0, 0, 1, 0, 0, 0, 0, 0, 0, 0, 0, 0, 0, 0, 0, 0, 0, 0, 0, 0]
Iteration 4920 New: [0, 0, 2013, 0, 0, 0, 0, 0, 0, 0, 0, 0, 0, 0, 0, 0, 0, 0, 0, 0] diff:[0, 0, 1, 0, 0, 0, 0, 0, 0, 0, 0, 0, 0, 0, 0, 0, 0, 0, 0, 0]
Iteration 4930 New: [0, 0, 2019, 0, 0, 0, 0, 0, 0, 0, 0, 0, 0, 0, 0, 0, 0, 0, 0, 0] diff:[0, 0, 1, 0, 0, 0, 0, 0, 0, 0, 0, 0, 0, 0, 0, 0, 0, 0, 0, 0]
Iteration 4940 New: [0, 0, 2015, 0, 0, 0, 0, 0, 0, 0, 0, 0, 0, 0, 0, 0, 0, 0, 0, 0] diff:[0, 0, 1, 0, 0, 0, 0, 0, 0, 0, 0, 0, 0, 0, 0, 0, 0, 0, 0, 0]
Iteration 4950 New: [0, 0, 2013, 0, 0, 0, 0, 0, 0, 0, 0, 0, 0, 0, 0, 0, 0, 0, 0, 0] diff:[0, 0, 1, 0, 0, 0, 0, 0, 0, 0, 0, 0, 0, 0, 0, 0, 0, 0, 0, 0]
Iteration 4960 New: [0, 0, 2015, 0, 0, 0, 0, 0, 0, 0, 0, 0, 0, 0, 0, 0, 0, 0, 0, 0] diff:[0, 0, 1, 0, 0, 0, 0, 0, 0, 0, 0, 0, 0, 0, 0, 0, 0, 0, 0, 0]
Iteration 4970 New: [0, 0, 2013, 0, 0, 0, 0, 0, 0, 0, 0, 0, 0, 0, 0, 0, 0, 0, 0, 0] diff:[0, 0, 1, 0, 0, 0, 0, 0, 0, 0, 0, 0, 0, 0, 0, 0, 0, 0, 0, 0]
Iteration 4980 New: [0, 0, 2009, 0, 0, 0, 0, 0, 0, 0, 0, 0, 0, 0, 0, 0, 0, 0, 0, 0] diff:[0, 0, 1, 0, 0, 0, 0, 0, 0, 0, 0, 0, 0, 0, 0, 0, 0, 0, 0, 0]
Iteration 4990 New: [0, 0, 2013, 0, 0, 0, 0, 0, 0, 0, 0, 0, 0, 0, 0, 0, 0, 0, 0, 0] diff:[0, 0, 1, 0, 0, 0, 0, 0, 0, 0, 0, 0, 0, 0, 0, 0, 0, 0, 0, 0]
Iteration 5000 New: [0, 0, 2019, 0, 0, 0, 0, 0, 0, 0, 0, 0, 0, 0, 0, 0, 0, 0, 0, 0] diff:[0, 0, 1, 0, 0, 0, 0, 0, 0, 0, 0, 0, 0, 0, 0, 0, 0, 0, 0, 0]
Iteration 5010 New: [0, 0, 2015, 0, 0, 0, 0, 0, 0, 0, 0, 0, 0, 0, 0, 0, 0, 0, 0, 0] diff:[0, 0, -1, 0, 0, 0, 0, 0, 0, 0, 0, 0, 0, 0, 0, 0, 0, 0, 0, 0]
Iteration 5020 New: [0, 0, 2017, 0, 0, 0, 0, 0, 0, 0, 0, 0, 0, 0, 0, 0, 0, 0, 0, 0] diff:[0, 0, 1, 0, 0, 0, 0, 0, 0, 0, 0, 0, 0, 0, 0, 0, 0, 0, 0, 0]
Iteration 5030 New: [0, 0, 2015, 0, 0, 0, 0, 0, 0, 0, 0, 0, 0, 0, 0, 0, 0, 0, 0, 0] diff:[0, 0, -1, 0, 0, 0, 0, 0, 0, 0, 0, 0, 0, 0, 0, 0, 0, 0, 0, 0]
Iteration 5040 New: [0, 0, 2015, 0, 0, 0, 0, 0, 0, 0, 0, 0, 0, 0, 0, 0, 0, 0, 0, 0] diff:[0, 0, -1, 0, 0, 0, 0, 0, 0, 0, 0, 0, 0, 0, 0, 0, 0, 0, 0, 0]
Iteration 5050 New: [0, 0, 2019, 0, 0, 0, 0, 0, 0, 0, 0, 0, 0, 0, 0, 0, 0, 0, 0, 0] diff:[0, 0, 1, 0, 0, 0, 0, 0, 0, 0, 0, 0, 0, 0, 0, 0, 0, 0, 0, 0]
Iteration 5060 New: [0, 0, 2021, 0, 0, 0, 0, 0, 0, 0, 0, 0, 0, 0, 0, 0, 0, 0, 0, 0] diff:[0, 0, -1, 0, 0, 0, 0, 0, 0, 0, 0, 0, 0, 0, 0, 0, 0, 0, 0, 0]
Iteration 5070 New: [0, 0, 2015, 0, 0, 0, 0, 0, 0, 0, 0, 0, 0, 0, 0, 0, 0, 0, 0, 0] diff:[0, 0, -1, 0, 0, 0, 0, 0, 0, 0, 0, 0, 0, 0, 0, 0, 0, 0, 0, 0]
Iteration 5080 New: [0, 0, 2019, 0, 0, 0, 0, 0, 0, 0, 0, 0, 0, 0, 0, 0, 0, 0, 0, 0] diff:[0, 0, 1, 0, 0, 0, 0, 0, 0, 0, 0, 0, 0, 0, 0, 0, 0, 0, 0, 0]
Iteration 5090 New: [0, 0, 2021, 0, 0, 0, 0, 0, 0, 0, 0, 0, 0, 0, 0, 0, 0, 0, 0, 0] diff:[0, 0, -1, 0, 0, 0, 0, 0, 0, 0, 0, 0, 0, 0, 0, 0, 0, 0, 0, 0]
Iteration 5100 New: [0, 0, 2021, 0, 0, 0, 0, 0, 0, 0, 0, 0, 0, 0, 0, 0, 0, 0, 0, 0] diff:[0, 0, -1, 0, 0, 0, 0, 0, 0, 0, 0, 0, 0, 0, 0, 0, 0, 0, 0, 0]
Iteration 5110 New: [0, 0, 2019, 0, 0, 0, 0, 0, 0, 0, 0, 0, 0, 0, 0, 0, 0, 0, 0, 0] diff:[0, 0, -1, 0, 0, 0, 0, 0, 0, 0, 0, 0, 0, 0, 0, 0, 0, 0, 0, 0]
Iteration 5120 New: [0, 0, 2019, 0, 0, 0, 0, 0, 0, 0, 0, 0, 0, 0, 0, 0, 0, 0, 0, 0] diff:[0, 0, 1, 0, 0, 0, 0, 0, 0, 0, 0, 0, 0, 0, 0, 0, 0, 0, 0, 0]
Iteration 5130 New: [0, 0, 2019, 0, 0, 0, 0, 0, 0, 0, 0, 0, 0, 0, 0, 0, 0, 0, 0, 0] diff:[0, 0, -1, 0, 0, 0, 0, 0, 0, 0, 0, 0, 0, 0, 0, 0, 0, 0, 0, 0]
Iteration 5140 New: [0, 0, 2017, 0, 0, 0, 0, 0, 0, 0, 0, 0, 0, 0, 0, 0, 0, 0, 0, 0] diff:[0, 0, -1, 0, 0, 0, 0, 0, 0, 0, 0, 0, 0, 0, 0, 0, 0, 0, 0, 0]
Iteration 5150 New: [0, 0, 2015, 0, 0, 0, 0, 0, 0, 0, 0, 0, 0, 0, 0, 0, 0, 0, 0, 0] diff:[0, 0, -1, 0, 0, 0, 0, 0, 0, 0, 0, 0, 0, 0, 0, 0, 0, 0, 0, 0]
Iteration 5160 New: [0, 0, 2017, 0, 0, 0, 0, 0, 0, 0, 0, 0, 0, 0, 0, 0, 0, 0, 0, 0] diff:[0, 0, 1, 0, 0, 0, 0, 0, 0, 0, 0, 0, 0, 0, 0, 0, 0, 0, 0, 0]
Iteration 5170 New: [0, 0, 2013, 0, 0, 0, 0, 0, 0, 0, 0, 0, 0, 0, 0, 0, 0, 0, 0, 0] diff:[0, 0, -1, 0, 0, 0, 0, 0, 0, 0, 0, 0, 0, 0, 0, 0, 0, 0, 0, 0]
Iteration 5180 New: [0, 0, 2017, 0, 0, 0, 0, 0, 0, 0, 0, 0, 0, 0, 0, 0, 0, 0, 0, 0] diff:[0, 0, 1, 0, 0, 0, 0, 0, 0, 0, 0, 0, 0, 0, 0, 0, 0, 0, 0, 0]
Iteration 5190 New: [0, 0, 2019, 0, 0, 0, 0, 0, 0, 0, 0, 0, 0, 0, 0, 0, 0, 0, 0, 0] diff:[0, 0, -1, 0, 0, 0, 0, 0, 0, 0, 0, 0, 0, 0, 0, 0, 0, 0, 0, 0]
Iteration 5200 New: [0, 0, 2017, 0, 0, 0, 0, 0, 0, 0, 0, 0, 0, 0, 0, 0, 0, 0, 0, 0] diff:[0, 0, 1, 0, 0, 0, 0, 0, 0, 0, 0, 0, 0, 0, 0, 0, 0, 0, 0, 0]
Iteration 5210 New: [0, 0, 2019, 0, 0, 0, 0, 0, 0, 0, 0, 0, 0, 0, 0, 0, 0, 0, 0, 0] diff:[0, 0, 1, 0, 0, 0, 0, 0, 0, 0, 0, 0, 0, 0, 0, 0, 0, 0, 0, 0]
Iteration 5220 New: [0, 0, 2019, 0, 0, 0, 0, 0, 0, 0, 0, 0, 0, 0, 0, 0, 0, 0, 0, 0] diff:[0, 0, 1, 0, 0, 0, 0, 0, 0, 0, 0, 0, 0, 0, 0, 0, 0, 0, 0, 0]
Iteration 5230 New: [0, 0, 2015, 0, 0, 0, 0, 0, 0, 0, 0, 0, 0, 0, 0, 0, 0, 0, 0, 0] diff:[0, 0, -1, 0, 0, 0, 0, 0, 0, 0, 0, 0, 0, 0, 0, 0, 0, 0, 0, 0]
Iteration 5240 New: [0, 0, 2013, 0, 0, 0, 0, 0, 0, 0, 0, 0, 0, 0, 0, 0, 0, 0, 0, 0] diff:[0, 0, -1, 0, 0, 0, 0, 0, 0, 0, 0, 0, 0, 0, 0, 0, 0, 0, 0, 0]
Iteration 5250 New: [0, 0, 2011, 0, 0, 0, 0, 0, 0, 0, 0, 0, 0, 0, 0, 0, 0, 0, 0, 0] diff:[0, 0, 1, 0, 0, 0, 0, 0, 0, 0, 0, 0, 0, 0, 0, 0, 0, 0, 0, 0]
Iteration 5260 New: [0, 0, 2017, 0, 0, 0, 0, 0, 0, 0, 0, 0, 0, 0, 0, 0, 0, 0, 0, 0] diff:[0, 0, -1, 0, 0, 0, 0, 0, 0, 0, 0, 0, 0, 0, 0, 0, 0, 0, 0, 0]
Iteration 5270 New: [0, 0, 2019, 0, 0, 0, 0, 0, 0, 0, 0, 0, 0, 0, 0, 0, 0, 0, 0, 0] diff:[0, 0, 1, 0, 0, 0, 0, 0, 0, 0, 0, 0, 0, 0, 0, 0, 0, 0, 0, 0]
Iteration 5280 New: [0, 0, 2017, 0, 0, 0, 0, 0, 0, 0, 0, 0, 0, 0, 0, 0, 0, 0, 0, 0] diff:[0, 0, -1, 0, 0, 0, 0, 0, 0, 0, 0, 0, 0, 0, 0, 0, 0, 0, 0, 0]
Iteration 5290 New: [0, 0, 2019, 0, 0, 0, 0, 0, 0, 0, 0, 0, 0, 0, 0, 0, 0, 0, 0, 0] diff:[0, 0, -1, 0, 0, 0, 0, 0, 0, 0, 0, 0, 0, 0, 0, 0, 0, 0, 0, 0]
Iteration 5300 New: [0, 0, 2017, 0, 0, 0, 0, 0, 0, 0, 0, 0, 0, 0, 0, 0, 0, 0, 0, 0] diff:[0, 0, -1, 0, 0, 0, 0, 0, 0, 0, 0, 0, 0, 0, 0, 0, 0, 0, 0, 0]
Iteration 5310 New: [0, 0, 2017, 0, 0, 0, 0, 0, 0, 0, 0, 0, 0, 0, 0, 0, 0, 0, 0, 0] diff:[0, 0, -1, 0, 0, 0, 0, 0, 0, 0, 0, 0, 0, 0, 0, 0, 0, 0, 0, 0]
Iteration 5320 New: [0, 0, 2019, 0, 0, 0, 0, 0, 0, 0, 0, 0, 0, 0, 0, 0, 0, 0, 0, 0] diff:[0, 0, 1, 0, 0, 0, 0, 0, 0, 0, 0, 0, 0, 0, 0, 0, 0, 0, 0, 0]
Iteration 5330 New: [0, 0, 2015, 0, 0, 0, 0, 0, 0, 0, 0, 0, 0, 0, 0, 0, 0, 0, 0, 0] diff:[0, 0, 1, 0, 0, 0, 0, 0, 0, 0, 0, 0, 0, 0, 0, 0, 0, 0, 0, 0]
Iteration 5340 New: [0, 0, 2011, 0, 0, 0, 0, 0, 0, 0, 0, 0, 0, 0, 0, 0, 0, 0, 0, 0] diff:[0, 0, -1, 0, 0, 0, 0, 0, 0, 0, 0, 0, 0, 0, 0, 0, 0, 0, 0, 0]
Iteration 5350 New: [0, 0, 2013, 0, 0, 0, 0, 0, 0, 0, 0, 0, 0, 0, 0, 0, 0, 0, 0, 0] diff:[0, 0, 1, 0, 0, 0, 0, 0, 0, 0, 0, 0, 0, 0, 0, 0, 0, 0, 0, 0]
Iteration 5360 New: [0, 0, 2019, 0, 0, 0, 0, 0, 0, 0, 0, 0, 0, 0, 0, 0, 0, 0, 0, 0] diff:[0, 0, 1, 0, 0, 0, 0, 0, 0, 0, 0, 0, 0, 0, 0, 0, 0, 0, 0, 0]
Iteration 5370 New: [0, 0, 2025, 0, 0, 0, 0, 0, 0, 0, 0, 0, 0, 0, 0, 0, 0, 0, 0, 0] diff:[0, 0, 1, 0, 0, 0, 0, 0, 0, 0, 0, 0, 0, 0, 0, 0, 0, 0, 0, 0]
Iteration 5380 New: [0, 0, 2025, 0, 0, 0, 0, 0, 0, 0, 0, 0, 0, 0, 0, 0, 0, 0, 0, 0] diff:[0, 0, 1, 0, 0, 0, 0, 0, 0, 0, 0, 0, 0, 0, 0, 0, 0, 0, 0, 0]
Iteration 5390 New: [0, 0, 2029, 0, 0, 0, 0, 0, 0, 0, 0, 0, 0, 0, 0, 0, 0, 0, 0, 0] diff:[0, 0, -1, 0, 0, 0, 0, 0, 0, 0, 0, 0, 0, 0, 0, 0, 0, 0, 0, 0]
Iteration 5400 New: [0, 0, 2027, 0, 0, 0, 0, 0, 0, 0, 0, 0, 0, 0, 0, 0, 0, 0, 0, 0] diff:[0, 0, 1, 0, 0, 0, 0, 0, 0, 0, 0, 0, 0, 0, 0, 0, 0, 0, 0, 0]
Iteration 5410 New: [0, 0, 2027, 0, 0, 0, 0, 0, 0, 0, 0, 0, 0, 0, 0, 0, 0, 0, 0, 0] diff:[0, 0, 1, 0, 0, 0, 0, 0, 0, 0, 0, 0, 0, 0, 0, 0, 0, 0, 0, 0]
Iteration 5420 New: [0, 0, 2025, 0, 0, 0, 0, 0, 0, 0, 0, 0, 0, 0, 0, 0, 0, 0, 0, 0] diff:[0, 0, -1, 0, 0, 0, 0, 0, 0, 0, 0, 0, 0, 0, 0, 0, 0, 0, 0, 0]
Iteration 5430 New: [0, 0, 2019, 0, 0, 0, 0, 0, 0, 0, 0, 0, 0, 0, 0, 0, 0, 0, 0, 0] diff:[0, 0, -1, 0, 0, 0, 0, 0, 0, 0, 0, 0, 0, 0, 0, 0, 0, 0, 0, 0]
Iteration 5440 New: [0, 0, 2017, 0, 0, 0, 0, 0, 0, 0, 0, 0, 0, 0, 0, 0, 0, 0, 0, 0] diff:[0, 0, -1, 0, 0, 0, 0, 0, 0, 0, 0, 0, 0, 0, 0, 0, 0, 0, 0, 0]
Iteration 5450 New: [0, 0, 2021, 0, 0, 0, 0, 0, 0, 0, 0, 0, 0, 0, 0, 0, 0, 0, 0, 0] diff:[0, 0, 1, 0, 0, 0, 0, 0, 0, 0, 0, 0, 0, 0, 0, 0, 0, 0, 0, 0]
Iteration 5460 New: [0, 0, 2019, 0, 0, 0, 0, 0, 0, 0, 0, 0, 0, 0, 0, 0, 0, 0, 0, 0] diff:[0, 0, -1, 0, 0, 0, 0, 0, 0, 0, 0, 0, 0, 0, 0, 0, 0, 0, 0, 0]
Iteration 5470 New: [0, 0, 2021, 0, 0, 0, 0, 0, 0, 0, 0, 0, 0, 0, 0, 0, 0, 0, 0, 0] diff:[0, 0, -1, 0, 0, 0, 0, 0, 0, 0, 0, 0, 0, 0, 0, 0, 0, 0, 0, 0]
Iteration 5480 New: [0, 0, 2021, 0, 0, 0, 0, 0, 0, 0, 0, 0, 0, 0, 0, 0, 0, 0, 0, 0] diff:[0, 0, 1, 0, 0, 0, 0, 0, 0, 0, 0, 0, 0, 0, 0, 0, 0, 0, 0, 0]
Iteration 5490 New: [0, 0, 2019, 0, 0, 0, 0, 0, 0, 0, 0, 0, 0, 0, 0, 0, 0, 0, 0, 0] diff:[0, 0, 1, 0, 0, 0, 0, 0, 0, 0, 0, 0, 0, 0, 0, 0, 0, 0, 0, 0]
Iteration 5500 New: [0, 0, 2017, 0, 0, 0, 0, 0, 0, 0, 0, 0, 0, 0, 0, 0, 0, 0, 0, 0] diff:[0, 0, 1, 0, 0, 0, 0, 0, 0, 0, 0, 0, 0, 0, 0, 0, 0, 0, 0, 0]
Iteration 5510 New: [0, 0, 2023, 0, 0, 0, 0, 0, 0, 0, 0, 0, 0, 0, 0, 0, 0, 0, 0, 0] diff:[0, 0, 1, 0, 0, 0, 0, 0, 0, 0, 0, 0, 0, 0, 0, 0, 0, 0, 0, 0]
Iteration 5520 New: [0, 0, 2023, 0, 0, 0, 0, 0, 0, 0, 0, 0, 0, 0, 0, 0, 0, 0, 0, 0] diff:[0, 0, -1, 0, 0, 0, 0, 0, 0, 0, 0, 0, 0, 0, 0, 0, 0, 0, 0, 0]
Iteration 5530 New: [0, 0, 2019, 0, 0, 0, 0, 0, 0, 0, 0, 0, 0, 0, 0, 0, 0, 0, 0, 0] diff:[0, 0, -1, 0, 0, 0, 0, 0, 0, 0, 0, 0, 0, 0, 0, 0, 0, 0, 0, 0]
Iteration 5540 New: [0, 0, 2019, 0, 0, 0, 0, 0, 0, 0, 0, 0, 0, 0, 0, 0, 0, 0, 0, 0] diff:[0, 0, -1, 0, 0, 0, 0, 0, 0, 0, 0, 0, 0, 0, 0, 0, 0, 0, 0, 0]
Iteration 5550 New: [0, 0, 2017, 0, 0, 0, 0, 0, 0, 0, 0, 0, 0, 0, 0, 0, 0, 0, 0, 0] diff:[0, 0, 1, 0, 0, 0, 0, 0, 0, 0, 0, 0, 0, 0, 0, 0, 0, 0, 0, 0]
Iteration 5560 New: [0, 0, 2017, 0, 0, 0, 0, 0, 0, 0, 0, 0, 0, 0, 0, 0, 0, 0, 0, 0] diff:[0, 0, -1, 0, 0, 0, 0, 0, 0, 0, 0, 0, 0, 0, 0, 0, 0, 0, 0, 0]
Iteration 5570 New: [0, 0, 2019, 0, 0, 0, 0, 0, 0, 0, 0, 0, 0, 0, 0, 0, 0, 0, 0, 0] diff:[0, 0, -1, 0, 0, 0, 0, 0, 0, 0, 0, 0, 0, 0, 0, 0, 0, 0, 0, 0]
Iteration 5580 New: [0, 0, 2015, 0, 0, 0, 0, 0, 0, 0, 0, 0, 0, 0, 0, 0, 0, 0, 0, 0] diff:[0, 0, -1, 0, 0, 0, 0, 0, 0, 0, 0, 0, 0, 0, 0, 0, 0, 0, 0, 0]
Iteration 5590 New: [0, 0, 2011, 0, 0, 0, 0, 0, 0, 0, 0, 0, 0, 0, 0, 0, 0, 0, 0, 0] diff:[0, 0, -1, 0, 0, 0, 0, 0, 0, 0, 0, 0, 0, 0, 0, 0, 0, 0, 0, 0]
Iteration 5600 New: [0, 0, 2011, 0, 0, 0, 0, 0, 0, 0, 0, 0, 0, 0, 0, 0, 0, 0, 0, 0] diff:[0, 0, 1, 0, 0, 0, 0, 0, 0, 0, 0, 0, 0, 0, 0, 0, 0, 0, 0, 0]
Iteration 5610 New: [0, 0, 2015, 0, 0, 0, 0, 0, 0, 0, 0, 0, 0, 0, 0, 0, 0, 0, 0, 0] diff:[0, 0, 1, 0, 0, 0, 0, 0, 0, 0, 0, 0, 0, 0, 0, 0, 0, 0, 0, 0]
Iteration 5620 New: [0, 0, 2015, 0, 0, 0, 0, 0, 0, 0, 0, 0, 0, 0, 0, 0, 0, 0, 0, 0] diff:[0, 0, -1, 0, 0, 0, 0, 0, 0, 0, 0, 0, 0, 0, 0, 0, 0, 0, 0, 0]
Iteration 5630 New: [0, 0, 2021, 0, 0, 0, 0, 0, 0, 0, 0, 0, 0, 0, 0, 0, 0, 0, 0, 0] diff:[0, 0, 1, 0, 0, 0, 0, 0, 0, 0, 0, 0, 0, 0, 0, 0, 0, 0, 0, 0]
Iteration 5640 New: [0, 0, 2021, 0, 0, 0, 0, 0, 0, 0, 0, 0, 0, 0, 0, 0, 0, 0, 0, 0] diff:[0, 0, -1, 0, 0, 0, 0, 0, 0, 0, 0, 0, 0, 0, 0, 0, 0, 0, 0, 0]
Iteration 5650 New: [0, 0, 2017, 0, 0, 0, 0, 0, 0, 0, 0, 0, 0, 0, 0, 0, 0, 0, 0, 0] diff:[0, 0, 1, 0, 0, 0, 0, 0, 0, 0, 0, 0, 0, 0, 0, 0, 0, 0, 0, 0]
Iteration 5660 New: [0, 0, 2015, 0, 0, 0, 0, 0, 0, 0, 0, 0, 0, 0, 0, 0, 0, 0, 0, 0] diff:[0, 0, 1, 0, 0, 0, 0, 0, 0, 0, 0, 0, 0, 0, 0, 0, 0, 0, 0, 0]
Iteration 5670 New: [0, 0, 2017, 0, 0, 0, 0, 0, 0, 0, 0, 0, 0, 0, 0, 0, 0, 0, 0, 0] diff:[0, 0, 1, 0, 0, 0, 0, 0, 0, 0, 0, 0, 0, 0, 0, 0, 0, 0, 0, 0]
Iteration 5680 New: [0, 0, 2019, 0, 0, 0, 0, 0, 0, 0, 0, 0, 0, 0, 0, 0, 0, 0, 0, 0] diff:[0, 0, -1, 0, 0, 0, 0, 0, 0, 0, 0, 0, 0, 0, 0, 0, 0, 0, 0, 0]
Iteration 5690 New: [0, 0, 2021, 0, 0, 0, 0, 0, 0, 0, 0, 0, 0, 0, 0, 0, 0, 0, 0, 0] diff:[0, 0, 1, 0, 0, 0, 0, 0, 0, 0, 0, 0, 0, 0, 0, 0, 0, 0, 0, 0]
Iteration 5700 New: [0, 0, 2021, 0, 0, 0, 0, 0, 0, 0, 0, 0, 0, 0, 0, 0, 0, 0, 0, 0] diff:[0, 0, -1, 0, 0, 0, 0, 0, 0, 0, 0, 0, 0, 0, 0, 0, 0, 0, 0, 0]
Iteration 5710 New: [0, 0, 2025, 0, 0, 0, 0, 0, 0, 0, 0, 0, 0, 0, 0, 0, 0, 0, 0, 0] diff:[0, 0, 1, 0, 0, 0, 0, 0, 0, 0, 0, 0, 0, 0, 0, 0, 0, 0, 0, 0]
Iteration 5720 New: [0, 0, 2027, 0, 0, 0, 0, 0, 0, 0, 0, 0, 0, 0, 0, 0, 0, 0, 0, 0] diff:[0, 0, 1, 0, 0, 0, 0, 0, 0, 0, 0, 0, 0, 0, 0, 0, 0, 0, 0, 0]
Iteration 5730 New: [0, 0, 2031, 0, 0, 0, 0, 0, 0, 0, 0, 0, 0, 0, 0, 0, 0, 0, 0, 0] diff:[0, 0, 1, 0, 0, 0, 0, 0, 0, 0, 0, 0, 0, 0, 0, 0, 0, 0, 0, 0]
Iteration 5740 New: [0, 0, 2033, 0, 0, 0, 0, 0, 0, 0, 0, 0, 0, 0, 0, 0, 0, 0, 0, 0] diff:[0, 0, 1, 0, 0, 0, 0, 0, 0, 0, 0, 0, 0, 0, 0, 0, 0, 0, 0, 0]
Iteration 5750 New: [0, 0, 2039, 0, 0, 0, 0, 0, 0, 0, 0, 0, 0, 0, 0, 0, 0, 0, 0, 0] diff:[0, 0, 1, 0, 0, 0, 0, 0, 0, 0, 0, 0, 0, 0, 0, 0, 0, 0, 0, 0]
Iteration 5760 New: [0, 0, 2035, 0, 0, 0, 0, 0, 0, 0, 0, 0, 0, 0, 0, 0, 0, 0, 0, 0] diff:[0, 0, 1, 0, 0, 0, 0, 0, 0, 0, 0, 0, 0, 0, 0, 0, 0, 0, 0, 0]
Iteration 5770 New: [0, 0, 2035, 0, 0, 0, 0, 0, 0, 0, 0, 0, 0, 0, 0, 0, 0, 0, 0, 0] diff:[0, 0, -1, 0, 0, 0, 0, 0, 0, 0, 0, 0, 0, 0, 0, 0, 0, 0, 0, 0]
Iteration 5780 New: [0, 0, 2035, 0, 0, 0, 0, 0, 0, 0, 0, 0, 0, 0, 0, 0, 0, 0, 0, 0] diff:[0, 0, 1, 0, 0, 0, 0, 0, 0, 0, 0, 0, 0, 0, 0, 0, 0, 0, 0, 0]
Iteration 5790 New: [0, 0, 2029, 0, 0, 0, 0, 0, 0, 0, 0, 0, 0, 0, 0, 0, 0, 0, 0, 0] diff:[0, 0, -1, 0, 0, 0, 0, 0, 0, 0, 0, 0, 0, 0, 0, 0, 0, 0, 0, 0]
Iteration 5800 New: [0, 0, 2027, 0, 0, 0, 0, 0, 0, 0, 0, 0, 0, 0, 0, 0, 0, 0, 0, 0] diff:[0, 0, -1, 0, 0, 0, 0, 0, 0, 0, 0, 0, 0, 0, 0, 0, 0, 0, 0, 0]
Iteration 5810 New: [0, 0, 2027, 0, 0, 0, 0, 0, 0, 0, 0, 0, 0, 0, 0, 0, 0, 0, 0, 0] diff:[0, 0, -1, 0, 0, 0, 0, 0, 0, 0, 0, 0, 0, 0, 0, 0, 0, 0, 0, 0]
Iteration 5820 New: [0, 0, 2025, 0, 0, 0, 0, 0, 0, 0, 0, 0, 0, 0, 0, 0, 0, 0, 0, 0] diff:[0, 0, -1, 0, 0, 0, 0, 0, 0, 0, 0, 0, 0, 0, 0, 0, 0, 0, 0, 0]
Iteration 5830 New: [0, 0, 2023, 0, 0, 0, 0, 0, 0, 0, 0, 0, 0, 0, 0, 0, 0, 0, 0, 0] diff:[0, 0, -1, 0, 0, 0, 0, 0, 0, 0, 0, 0, 0, 0, 0, 0, 0, 0, 0, 0]
Iteration 5840 New: [0, 0, 2023, 0, 0, 0, 0, 0, 0, 0, 0, 0, 0, 0, 0, 0, 0, 0, 0, 0] diff:[0, 0, 1, 0, 0, 0, 0, 0, 0, 0, 0, 0, 0, 0, 0, 0, 0, 0, 0, 0]
Iteration 5850 New: [0, 0, 2025, 0, 0, 0, 0, 0, 0, 0, 0, 0, 0, 0, 0, 0, 0, 0, 0, 0] diff:[0, 0, 1, 0, 0, 0, 0, 0, 0, 0, 0, 0, 0, 0, 0, 0, 0, 0, 0, 0]
Iteration 5860 New: [0, 0, 2021, 0, 0, 0, 0, 0, 0, 0, 0, 0, 0, 0, 0, 0, 0, 0, 0, 0] diff:[0, 0, -1, 0, 0, 0, 0, 0, 0, 0, 0, 0, 0, 0, 0, 0, 0, 0, 0, 0]
Iteration 5870 New: [0, 0, 2025, 0, 0, 0, 0, 0, 0, 0, 0, 0, 0, 0, 0, 0, 0, 0, 0, 0] diff:[0, 0, -1, 0, 0, 0, 0, 0, 0, 0, 0, 0, 0, 0, 0, 0, 0, 0, 0, 0]
Iteration 5880 New: [0, 0, 2023, 0, 0, 0, 0, 0, 0, 0, 0, 0, 0, 0, 0, 0, 0, 0, 0, 0] diff:[0, 0, -1, 0, 0, 0, 0, 0, 0, 0, 0, 0, 0, 0, 0, 0, 0, 0, 0, 0]
Iteration 5890 New: [0, 0, 2029, 0, 0, 0, 0, 0, 0, 0, 0, 0, 0, 0, 0, 0, 0, 0, 0, 0] diff:[0, 0, 1, 0, 0, 0, 0, 0, 0, 0, 0, 0, 0, 0, 0, 0, 0, 0, 0, 0]
Iteration 5900 New: [0, 0, 2025, 0, 0, 0, 0, 0, 0, 0, 0, 0, 0, 0, 0, 0, 0, 0, 0, 0] diff:[0, 0, -1, 0, 0, 0, 0, 0, 0, 0, 0, 0, 0, 0, 0, 0, 0, 0, 0, 0]
Iteration 5910 New: [0, 0, 2025, 0, 0, 0, 0, 0, 0, 0, 0, 0, 0, 0, 0, 0, 0, 0, 0, 0] diff:[0, 0, 1, 0, 0, 0, 0, 0, 0, 0, 0, 0, 0, 0, 0, 0, 0, 0, 0, 0]
Iteration 5920 New: [0, 0, 2021, 0, 0, 0, 0, 0, 0, 0, 0, 0, 0, 0, 0, 0, 0, 0, 0, 0] diff:[0, 0, -1, 0, 0, 0, 0, 0, 0, 0, 0, 0, 0, 0, 0, 0, 0, 0, 0, 0]
Iteration 5930 New: [0, 0, 2023, 0, 0, 0, 0, 0, 0, 0, 0, 0, 0, 0, 0, 0, 0, 0, 0, 0] diff:[0, 0, 1, 0, 0, 0, 0, 0, 0, 0, 0, 0, 0, 0, 0, 0, 0, 0, 0, 0]
Iteration 5940 New: [0, 0, 2025, 0, 0, 0, 0, 0, 0, 0, 0, 0, 0, 0, 0, 0, 0, 0, 0, 0] diff:[0, 0, 1, 0, 0, 0, 0, 0, 0, 0, 0, 0, 0, 0, 0, 0, 0, 0, 0, 0]
Iteration 5950 New: [0, 0, 2023, 0, 0, 0, 0, 0, 0, 0, 0, 0, 0, 0, 0, 0, 0, 0, 0, 0] diff:[0, 0, -1, 0, 0, 0, 0, 0, 0, 0, 0, 0, 0, 0, 0, 0, 0, 0, 0, 0]
Iteration 5960 New: [0, 0, 2023, 0, 0, 0, 0, 0, 0, 0, 0, 0, 0, 0, 0, 0, 0, 0, 0, 0] diff:[0, 0, -1, 0, 0, 0, 0, 0, 0, 0, 0, 0, 0, 0, 0, 0, 0, 0, 0, 0]
Iteration 5970 New: [0, 0, 2021, 0, 0, 0, 0, 0, 0, 0, 0, 0, 0, 0, 0, 0, 0, 0, 0, 0] diff:[0, 0, -1, 0, 0, 0, 0, 0, 0, 0, 0, 0, 0, 0, 0, 0, 0, 0, 0, 0]
Iteration 5980 New: [0, 0, 2019, 0, 0, 0, 0, 0, 0, 0, 0, 0, 0, 0, 0, 0, 0, 0, 0, 0] diff:[0, 0, -1, 0, 0, 0, 0, 0, 0, 0, 0, 0, 0, 0, 0, 0, 0, 0, 0, 0]
Iteration 5990 New: [0, 0, 2017, 0, 0, 0, 0, 0, 0, 0, 0, 0, 0, 0, 0, 0, 0, 0, 0, 0] diff:[0, 0, -1, 0, 0, 0, 0, 0, 0, 0, 0, 0, 0, 0, 0, 0, 0, 0, 0, 0]
Iteration 6000 New: [0, 0, 2019, 0, 0, 0, 0, 0, 0, 0, 0, 0, 0, 0, 0, 0, 0, 0, 0, 0] diff:[0, 0, -1, 0, 0, 0, 0, 0, 0, 0, 0, 0, 0, 0, 0, 0, 0, 0, 0, 0]
Iteration 6010 New: [0, 0, 2015, 0, 0, 0, 0, 0, 0, 0, 0, 0, 0, 0, 0, 0, 0, 0, 0, 0] diff:[0, 0, -1, 0, 0, 0, 0, 0, 0, 0, 0, 0, 0, 0, 0, 0, 0, 0, 0, 0]
Iteration 6020 New: [0, 0, 2013, 0, 0, 0, 0, 0, 0, 0, 0, 0, 0, 0, 0, 0, 0, 0, 0, 0] diff:[0, 0, -1, 0, 0, 0, 0, 0, 0, 0, 0, 0, 0, 0, 0, 0, 0, 0, 0, 0]
Iteration 6030 New: [0, 0, 2015, 0, 0, 0, 0, 0, 0, 0, 0, 0, 0, 0, 0, 0, 0, 0, 0, 0] diff:[0, 0, -1, 0, 0, 0, 0, 0, 0, 0, 0, 0, 0, 0, 0, 0, 0, 0, 0, 0]
Iteration 6040 New: [0, 0, 2017, 0, 0, 0, 0, 0, 0, 0, 0, 0, 0, 0, 0, 0, 0, 0, 0, 0] diff:[0, 0, -1, 0, 0, 0, 0, 0, 0, 0, 0, 0, 0, 0, 0, 0, 0, 0, 0, 0]
Iteration 6050 New: [0, 0, 2019, 0, 0, 0, 0, 0, 0, 0, 0, 0, 0, 0, 0, 0, 0, 0, 0, 0] diff:[0, 0, -1, 0, 0, 0, 0, 0, 0, 0, 0, 0, 0, 0, 0, 0, 0, 0, 0, 0]
Iteration 6060 New: [0, 0, 2017, 0, 0, 0, 0, 0, 0, 0, 0, 0, 0, 0, 0, 0, 0, 0, 0, 0] diff:[0, 0, -1, 0, 0, 0, 0, 0, 0, 0, 0, 0, 0, 0, 0, 0, 0, 0, 0, 0]
Iteration 6070 New: [0, 0, 2019, 0, 0, 0, 0, 0, 0, 0, 0, 0, 0, 0, 0, 0, 0, 0, 0, 0] diff:[0, 0, 1, 0, 0, 0, 0, 0, 0, 0, 0, 0, 0, 0, 0, 0, 0, 0, 0, 0]
Iteration 6080 New: [0, 0, 2021, 0, 0, 0, 0, 0, 0, 0, 0, 0, 0, 0, 0, 0, 0, 0, 0, 0] diff:[0, 0, 1, 0, 0, 0, 0, 0, 0, 0, 0, 0, 0, 0, 0, 0, 0, 0, 0, 0]
Iteration 6090 New: [0, 0, 2025, 0, 0, 0, 0, 0, 0, 0, 0, 0, 0, 0, 0, 0, 0, 0, 0, 0] diff:[0, 0, 1, 0, 0, 0, 0, 0, 0, 0, 0, 0, 0, 0, 0, 0, 0, 0, 0, 0]
Iteration 6100 New: [0, 0, 2027, 0, 0, 0, 0, 0, 0, 0, 0, 0, 0, 0, 0, 0, 0, 0, 0, 0] diff:[0, 0, 1, 0, 0, 0, 0, 0, 0, 0, 0, 0, 0, 0, 0, 0, 0, 0, 0, 0]
Iteration 6110 New: [0, 0, 2029, 0, 0, 0, 0, 0, 0, 0, 0, 0, 0, 0, 0, 0, 0, 0, 0, 0] diff:[0, 0, 1, 0, 0, 0, 0, 0, 0, 0, 0, 0, 0, 0, 0, 0, 0, 0, 0, 0]
Iteration 6120 New: [0, 0, 2029, 0, 0, 0, 0, 0, 0, 0, 0, 0, 0, 0, 0, 0, 0, 0, 0, 0] diff:[0, 0, 1, 0, 0, 0, 0, 0, 0, 0, 0, 0, 0, 0, 0, 0, 0, 0, 0, 0]
Iteration 6130 New: [0, 0, 2029, 0, 0, 0, 0, 0, 0, 0, 0, 0, 0, 0, 0, 0, 0, 0, 0, 0] diff:[0, 0, 1, 0, 0, 0, 0, 0, 0, 0, 0, 0, 0, 0, 0, 0, 0, 0, 0, 0]
Iteration 6140 New: [0, 0, 2025, 0, 0, 0, 0, 0, 0, 0, 0, 0, 0, 0, 0, 0, 0, 0, 0, 0] diff:[0, 0, 1, 0, 0, 0, 0, 0, 0, 0, 0, 0, 0, 0, 0, 0, 0, 0, 0, 0]
Iteration 6150 New: [0, 0, 2023, 0, 0, 0, 0, 0, 0, 0, 0, 0, 0, 0, 0, 0, 0, 0, 0, 0] diff:[0, 0, -1, 0, 0, 0, 0, 0, 0, 0, 0, 0, 0, 0, 0, 0, 0, 0, 0, 0]
Iteration 6160 New: [0, 0, 2019, 0, 0, 0, 0, 0, 0, 0, 0, 0, 0, 0, 0, 0, 0, 0, 0, 0] diff:[0, 0, -1, 0, 0, 0, 0, 0, 0, 0, 0, 0, 0, 0, 0, 0, 0, 0, 0, 0]
Iteration 6170 New: [0, 0, 2017, 0, 0, 0, 0, 0, 0, 0, 0, 0, 0, 0, 0, 0, 0, 0, 0, 0] diff:[0, 0, -1, 0, 0, 0, 0, 0, 0, 0, 0, 0, 0, 0, 0, 0, 0, 0, 0, 0]
Iteration 6180 New: [0, 0, 2021, 0, 0, 0, 0, 0, 0, 0, 0, 0, 0, 0, 0, 0, 0, 0, 0, 0] diff:[0, 0, 1, 0, 0, 0, 0, 0, 0, 0, 0, 0, 0, 0, 0, 0, 0, 0, 0, 0]
Iteration 6190 New: [0, 0, 2027, 0, 0, 0, 0, 0, 0, 0, 0, 0, 0, 0, 0, 0, 0, 0, 0, 0] diff:[0, 0, 1, 0, 0, 0, 0, 0, 0, 0, 0, 0, 0, 0, 0, 0, 0, 0, 0, 0]
Iteration 6200 New: [0, 0, 2027, 0, 0, 0, 0, 0, 0, 0, 0, 0, 0, 0, 0, 0, 0, 0, 0, 0] diff:[0, 0, -1, 0, 0, 0, 0, 0, 0, 0, 0, 0, 0, 0, 0, 0, 0, 0, 0, 0]
Iteration 6210 New: [0, 0, 2025, 0, 0, 0, 0, 0, 0, 0, 0, 0, 0, 0, 0, 0, 0, 0, 0, 0] diff:[0, 0, 1, 0, 0, 0, 0, 0, 0, 0, 0, 0, 0, 0, 0, 0, 0, 0, 0, 0]
Iteration 6220 New: [0, 0, 2021, 0, 0, 0, 0, 0, 0, 0, 0, 0, 0, 0, 0, 0, 0, 0, 0, 0] diff:[0, 0, 1, 0, 0, 0, 0, 0, 0, 0, 0, 0, 0, 0, 0, 0, 0, 0, 0, 0]
Iteration 6230 New: [0, 0, 2021, 0, 0, 0, 0, 0, 0, 0, 0, 0, 0, 0, 0, 0, 0, 0, 0, 0] diff:[0, 0, 1, 0, 0, 0, 0, 0, 0, 0, 0, 0, 0, 0, 0, 0, 0, 0, 0, 0]
Iteration 6240 New: [0, 0, 2019, 0, 0, 0, 0, 0, 0, 0, 0, 0, 0, 0, 0, 0, 0, 0, 0, 0] diff:[0, 0, 1, 0, 0, 0, 0, 0, 0, 0, 0, 0, 0, 0, 0, 0, 0, 0, 0, 0]
Iteration 6250 New: [0, 0, 2021, 0, 0, 0, 0, 0, 0, 0, 0, 0, 0, 0, 0, 0, 0, 0, 0, 0] diff:[0, 0, -1, 0, 0, 0, 0, 0, 0, 0, 0, 0, 0, 0, 0, 0, 0, 0, 0, 0]
Iteration 6260 New: [0, 0, 2013, 0, 0, 0, 0, 0, 0, 0, 0, 0, 0, 0, 0, 0, 0, 0, 0, 0] diff:[0, 0, -1, 0, 0, 0, 0, 0, 0, 0, 0, 0, 0, 0, 0, 0, 0, 0, 0, 0]
Iteration 6270 New: [0, 0, 2013, 0, 0, 0, 0, 0, 0, 0, 0, 0, 0, 0, 0, 0, 0, 0, 0, 0] diff:[0, 0, 1, 0, 0, 0, 0, 0, 0, 0, 0, 0, 0, 0, 0, 0, 0, 0, 0, 0]
Iteration 6280 New: [0, 0, 2009, 0, 0, 0, 0, 0, 0, 0, 0, 0, 0, 0, 0, 0, 0, 0, 0, 0] diff:[0, 0, 1, 0, 0, 0, 0, 0, 0, 0, 0, 0, 0, 0, 0, 0, 0, 0, 0, 0]
Iteration 6290 New: [0, 0, 2009, 0, 0, 0, 0, 0, 0, 0, 0, 0, 0, 0, 0, 0, 0, 0, 0, 0] diff:[0, 0, 1, 0, 0, 0, 0, 0, 0, 0, 0, 0, 0, 0, 0, 0, 0, 0, 0, 0]
Iteration 6300 New: [0, 0, 2009, 0, 0, 0, 0, 0, 0, 0, 0, 0, 0, 0, 0, 0, 0, 0, 0, 0] diff:[0, 0, -1, 0, 0, 0, 0, 0, 0, 0, 0, 0, 0, 0, 0, 0, 0, 0, 0, 0]
Iteration 6310 New: [0, 0, 2009, 0, 0, 0, 0, 0, 0, 0, 0, 0, 0, 0, 0, 0, 0, 0, 0, 0] diff:[0, 0, 1, 0, 0, 0, 0, 0, 0, 0, 0, 0, 0, 0, 0, 0, 0, 0, 0, 0]
Iteration 6320 New: [0, 0, 2009, 0, 0, 0, 0, 0, 0, 0, 0, 0, 0, 0, 0, 0, 0, 0, 0, 0] diff:[0, 0, 1, 0, 0, 0, 0, 0, 0, 0, 0, 0, 0, 0, 0, 0, 0, 0, 0, 0]
Iteration 6330 New: [0, 0, 2009, 0, 0, 0, 0, 0, 0, 0, 0, 0, 0, 0, 0, 0, 0, 0, 0, 0] diff:[0, 0, 1, 0, 0, 0, 0, 0, 0, 0, 0, 0, 0, 0, 0, 0, 0, 0, 0, 0]
Iteration 6340 New: [0, 0, 2015, 0, 0, 0, 0, 0, 0, 0, 0, 0, 0, 0, 0, 0, 0, 0, 0, 0] diff:[0, 0, 1, 0, 0, 0, 0, 0, 0, 0, 0, 0, 0, 0, 0, 0, 0, 0, 0, 0]
Iteration 6350 New: [0, 0, 2017, 0, 0, 0, 0, 0, 0, 0, 0, 0, 0, 0, 0, 0, 0, 0, 0, 0] diff:[0, 0, 1, 0, 0, 0, 0, 0, 0, 0, 0, 0, 0, 0, 0, 0, 0, 0, 0, 0]
Iteration 6360 New: [0, 0, 2015, 0, 0, 0, 0, 0, 0, 0, 0, 0, 0, 0, 0, 0, 0, 0, 0, 0] diff:[0, 0, -1, 0, 0, 0, 0, 0, 0, 0, 0, 0, 0, 0, 0, 0, 0, 0, 0, 0]
Iteration 6370 New: [0, 0, 2019, 0, 0, 0, 0, 0, 0, 0, 0, 0, 0, 0, 0, 0, 0, 0, 0, 0] diff:[0, 0, 1, 0, 0, 0, 0, 0, 0, 0, 0, 0, 0, 0, 0, 0, 0, 0, 0, 0]
Iteration 6380 New: [0, 0, 2023, 0, 0, 0, 0, 0, 0, 0, 0, 0, 0, 0, 0, 0, 0, 0, 0, 0] diff:[0, 0, 1, 0, 0, 0, 0, 0, 0, 0, 0, 0, 0, 0, 0, 0, 0, 0, 0, 0]
Iteration 6390 New: [0, 0, 2021, 0, 0, 0, 0, 0, 0, 0, 0, 0, 0, 0, 0, 0, 0, 0, 0, 0] diff:[0, 0, -1, 0, 0, 0, 0, 0, 0, 0, 0, 0, 0, 0, 0, 0, 0, 0, 0, 0]
Iteration 6400 New: [0, 0, 2023, 0, 0, 0, 0, 0, 0, 0, 0, 0, 0, 0, 0, 0, 0, 0, 0, 0] diff:[0, 0, 1, 0, 0, 0, 0, 0, 0, 0, 0, 0, 0, 0, 0, 0, 0, 0, 0, 0]
Iteration 6410 New: [0, 0, 2023, 0, 0, 0, 0, 0, 0, 0, 0, 0, 0, 0, 0, 0, 0, 0, 0, 0] diff:[0, 0, -1, 0, 0, 0, 0, 0, 0, 0, 0, 0, 0, 0, 0, 0, 0, 0, 0, 0]
Iteration 6420 New: [0, 0, 2027, 0, 0, 0, 0, 0, 0, 0, 0, 0, 0, 0, 0, 0, 0, 0, 0, 0] diff:[0, 0, -1, 0, 0, 0, 0, 0, 0, 0, 0, 0, 0, 0, 0, 0, 0, 0, 0, 0]
Iteration 6430 New: [0, 0, 2031, 0, 0, 0, 0, 0, 0, 0, 0, 0, 0, 0, 0, 0, 0, 0, 0, 0] diff:[0, 0, 1, 0, 0, 0, 0, 0, 0, 0, 0, 0, 0, 0, 0, 0, 0, 0, 0, 0]
Iteration 6440 New: [0, 0, 2027, 0, 0, 0, 0, 0, 0, 0, 0, 0, 0, 0, 0, 0, 0, 0, 0, 0] diff:[0, 0, 1, 0, 0, 0, 0, 0, 0, 0, 0, 0, 0, 0, 0, 0, 0, 0, 0, 0]
Iteration 6450 New: [0, 0, 2025, 0, 0, 0, 0, 0, 0, 0, 0, 0, 0, 0, 0, 0, 0, 0, 0, 0] diff:[0, 0, 1, 0, 0, 0, 0, 0, 0, 0, 0, 0, 0, 0, 0, 0, 0, 0, 0, 0]
Iteration 6460 New: [0, 0, 2023, 0, 0, 0, 0, 0, 0, 0, 0, 0, 0, 0, 0, 0, 0, 0, 0, 0] diff:[0, 0, -1, 0, 0, 0, 0, 0, 0, 0, 0, 0, 0, 0, 0, 0, 0, 0, 0, 0]
Iteration 6470 New: [0, 0, 2027, 0, 0, 0, 0, 0, 0, 0, 0, 0, 0, 0, 0, 0, 0, 0, 0, 0] diff:[0, 0, 1, 0, 0, 0, 0, 0, 0, 0, 0, 0, 0, 0, 0, 0, 0, 0, 0, 0]
Iteration 6480 New: [0, 0, 2025, 0, 0, 0, 0, 0, 0, 0, 0, 0, 0, 0, 0, 0, 0, 0, 0, 0] diff:[0, 0, 1, 0, 0, 0, 0, 0, 0, 0, 0, 0, 0, 0, 0, 0, 0, 0, 0, 0]
Auto-stopped algorithm at 6482th iteration

A target 10000 more iterations took 5423160929 ns.
Total iterations 6482
Total algorithm runtime 169617536804 ns
  or 169617.536804 ms