train_terrorists.gt
Iteration 10 New: [0, 0, 26, 8, 4, 5, 3, 0, 0, 2, 0, 2] diff:[0, 0, 1, 0, 0, 0, 0, 0, 0, 0, 0, 0]
Iteration 20 New: [0, 0, 32, 8, 4, 5, 3, 0, 0, 2, 0, 2] diff:[0, 0, -1, 0, 0, 0, 0, 0, 0, 0, 0, 0]
Iteration 30 New: [0, 0, 35, 9, 4, 5, 3, 0, 0, 2, 0, 2] diff:[0, 0, -1, 0, 0, 0, 0, 0, 0, 0, 0, 0]
Iteration 40 New: [0, 0, 32, 8, 4, 5, 3, 0, 0, 2, 0, 2] diff:[0, 0, -1, 0, 0, 0, 0, 0, 0, 0, 0, 0]
Iteration 50 New: [0, 0, 36, 8, 4, 5, 3, 0, 0, 2, 0, 2] diff:[0, 0, -1, 0, 0, 0, 0, 0, 0, 0, 0, 0]
Iteration 60 New: [0, 0, 40, 8, 4, 5, 3, 0, 0, 2, 0, 2] diff:[0, 0, 1, 0, 0, 0, 0, 0, 0, 0, 0, 0]
Iteration 70 New: [0, 0, 44, 8, 4, 5, 3, 0, 0, 2, 0, 2] diff:[0, 0, 1, 0, 0, 0, 0, 0, 0, 0, 0, 0]
Iteration 80 New: [0, 0, 48, 8, 4, 5, 3, 0, 0, 2, 0, 2] diff:[0, 0, 1, 0, 0, 0, 0, 0, 0, 0, 0, 0]
Iteration 90 New: [0, 0, 52, 8, 4, 5, 3, 0, 0, 2, 0, 2] diff:[0, 0, 1, 0, 0, 0, 0, 0, 0, 0, 0, 0]
Iteration 100 New: [0, 0, 54, 8, 4, 5, 3, 0, 0, 2, 0, 2] diff:[0, 0, 1, 0, 0, 0, 0, 0, 0, 0, 0, 0]
Iteration 110 New: [0, 0, 56, 8, 4, 5, 3, 0, 0, 2, 0, 2] diff:[0, 0, 1, 0, 0, 0, 0, 0, 0, 0, 0, 0]
Iteration 120 New: [0, 0, 58, 8, 4, 5, 3, 0, 0, 2, 0, 2] diff:[0, 0, 1, 0, 0, 0, 0, 0, 0, 0, 0, 0]
Iteration 130 New: [0, 0, 56, 8, 4, 5, 3, 0, 0, 2, 0, 2] diff:[0, 0, -1, 0, 0, 0, 0, 0, 0, 0, 0, 0]
Iteration 140 New: [0, 0, 64, 8, 4, 5, 3, 0, 0, 2, 0, 2] diff:[0, 0, 1, 0, 0, 0, 0, 0, 0, 0, 0, 0]
Iteration 150 New: [0, 0, 62, 8, 4, 5, 3, 0, 0, 2, 0, 2] diff:[0, 0, -1, 0, 0, 0, 0, 0, 0, 0, 0, 0]
Iteration 160 New: [0, 0, 62, 8, 4, 5, 3, 0, 0, 2, 0, 2] diff:[0, 0, -1, 0, 0, 0, 0, 0, 0, 0, 0, 0]
Iteration 170 New: [0, 0, 68, 8, 4, 5, 3, 0, 0, 2, 0, 2] diff:[0, 0, 1, 0, 0, 0, 0, 0, 0, 0, 0, 0]
Iteration 180 New: [0, 0, 70, 8, 4, 5, 3, 0, 0, 2, 0, 2] diff:[0, 0, 1, 0, 0, 0, 0, 0, 0, 0, 0, 0]
Iteration 190 New: [0, 0, 66, 8, 4, 5, 3, 0, 0, 2, 0, 2] diff:[0, 0, -1, 0, 0, 0, 0, 0, 0, 0, 0, 0]
Iteration 200 New: [0, 0, 66, 8, 4, 5, 3, 0, 0, 2, 0, 2] diff:[0, 0, -1, 0, 0, 0, 0, 0, 0, 0, 0, 0]
Iteration 210 New: [0, 0, 70, 8, 4, 5, 3, 0, 0, 2, 0, 2] diff:[0, 0, 1, 0, 0, 0, 0, 0, 0, 0, 0, 0]
Iteration 220 New: [0, 0, 70, 8, 4, 5, 3, 0, 0, 2, 0, 2] diff:[0, 0, 1, 0, 0, 0, 0, 0, 0, 0, 0, 0]
Iteration 230 New: [0, 0, 70, 8, 4, 5, 3, 0, 0, 2, 0, 2] diff:[0, 0, -1, 0, 0, 0, 0, 0, 0, 0, 0, 0]
Iteration 240 New: [0, 0, 74, 8, 4, 5, 3, 0, 0, 2, 0, 2] diff:[0, 0, 1, 0, 0, 0, 0, 0, 0, 0, 0, 0]
Iteration 250 New: [0, 0, 76, 8, 4, 5, 3, 0, 0, 2, 0, 2] diff:[0, 0, 1, 0, 0, 0, 0, 0, 0, 0, 0, 0]
Iteration 260 New: [0, 0, 80, 8, 4, 5, 3, 0, 0, 2, 0, 2] diff:[0, 0, 1, 0, 0, 0, 0, 0, 0, 0, 0, 0]
Iteration 270 New: [0, 0, 80, 8, 4, 5, 3, 0, 0, 2, 0, 2] diff:[0, 0, -1, 0, 0, 0, 0, 0, 0, 0, 0, 0]
Iteration 280 New: [0, 0, 80, 8, 4, 5, 3, 0, 0, 2, 0, 2] diff:[0, 0, -1, 0, 0, 0, 0, 0, 0, 0, 0, 0]
Iteration 290 New: [0, 0, 88, 8, 4, 5, 3, 0, 0, 2, 0, 2] diff:[0, 0, 1, 0, 0, 0, 0, 0, 0, 0, 0, 0]
Iteration 300 New: [0, 0, 88, 8, 4, 5, 3, 0, 0, 2, 0, 2] diff:[0, 0, -1, 0, 0, 0, 0, 0, 0, 0, 0, 0]
Iteration 310 New: [0, 0, 84, 8, 4, 5, 3, 0, 0, 2, 0, 2] diff:[0, 0, 1, 0, 0, 0, 0, 0, 0, 0, 0, 0]
Iteration 320 New: [0, 0, 86, 8, 4, 5, 3, 0, 0, 2, 0, 2] diff:[0, 0, -1, 0, 0, 0, 0, 0, 0, 0, 0, 0]
Iteration 330 New: [0, 0, 92, 8, 4, 5, 3, 0, 0, 2, 0, 2] diff:[0, 0, 1, 0, 0, 0, 0, 0, 0, 0, 0, 0]
Iteration 340 New: [0, 0, 92, 8, 4, 5, 3, 0, 0, 2, 0, 2] diff:[0, 0, -1, 0, 0, 0, 0, 0, 0, 0, 0, 0]
Iteration 350 New: [0, 0, 94, 8, 4, 5, 3, 0, 0, 2, 0, 2] diff:[0, 0, -1, 0, 0, 0, 0, 0, 0, 0, 0, 0]
Iteration 360 New: [0, 0, 96, 8, 4, 5, 3, 0, 0, 2, 0, 2] diff:[0, 0, -1, 0, 0, 0, 0, 0, 0, 0, 0, 0]
Iteration 370 New: [0, 0, 98, 8, 4, 5, 3, 0, 0, 2, 0, 2] diff:[0, 0, 1, 0, 0, 0, 0, 0, 0, 0, 0, 0]
Iteration 380 New: [0, 0, 100, 8, 4, 5, 3, 0, 0, 2, 0, 2] diff:[0, 0, 1, 0, 0, 0, 0, 0, 0, 0, 0, 0]
Iteration 390 New: [0, 0, 106, 8, 4, 5, 3, 0, 0, 2, 0, 2] diff:[0, 0, 1, 0, 0, 0, 0, 0, 0, 0, 0, 0]
Iteration 400 New: [0, 0, 100, 8, 4, 5, 3, 0, 0, 2, 0, 2] diff:[0, 0, -1, 0, 0, 0, 0, 0, 0, 0, 0, 0]
Iteration 410 New: [0, 0, 98, 8, 4, 5, 3, 0, 0, 2, 0, 2] diff:[0, 0, 1, 0, 0, 0, 0, 0, 0, 0, 0, 0]
Iteration 420 New: [0, 0, 96, 8, 4, 5, 3, 0, 0, 2, 0, 2] diff:[0, 0, -1, 0, 0, 0, 0, 0, 0, 0, 0, 0]
Iteration 430 New: [0, 0, 100, 8, 4, 5, 3, 0, 0, 2, 0, 2] diff:[0, 0, 1, 0, 0, 0, 0, 0, 0, 0, 0, 0]
Auto-stopped algorithm at 436th iteration

A target 10000 more iterations took 7364457513 ns.
Total iterations 436
Total algorithm runtime 7364457513 ns
  or 7364.457513 ms