windsurfers.gt
Iteration 10 New: [0, 0, 4, 7, 3, 13, 21, 25, 18, 10] diff:[0, 0, 0, 1, 0, 0, 0, 0, 0, 0]
Iteration 20 New: [0, 0, 8, 8, 3, 13, 21, 25, 18, 5] diff:[0, 0, 0, 0, 0, 0, 0, 0, 0, -1]
Iteration 30 New: [0, 0, 15, 8, 4, 13, 21, 25, 18, 5] diff:[0, 0, 1, 0, 0, 0, 0, 0, 0, 0]
Iteration 40 New: [0, 0, 22, 8, 4, 13, 21, 25, 18, 4] diff:[0, 0, 1, 0, 0, 0, 0, 0, 0, 0]
Iteration 50 New: [0, 0, 32, 8, 4, 13, 21, 25, 18, 4] diff:[0, 0, 1, 0, 0, 0, 0, 0, 0, 0]
Iteration 60 New: [0, 0, 34, 8, 4, 13, 21, 25, 18, 4] diff:[0, 0, -1, 0, 0, 0, 0, 0, 0, 0]
Iteration 70 New: [0, 0, 38, 8, 4, 13, 21, 25, 18, 4] diff:[0, 0, 1, 0, 0, 0, 0, 0, 0, 0]
Iteration 80 New: [0, 0, 46, 8, 4, 13, 21, 25, 18, 4] diff:[0, 0, 1, 0, 0, 0, 0, 0, 0, 0]
Iteration 90 New: [0, 0, 52, 8, 4, 13, 21, 25, 18, 4] diff:[0, 0, 1, 0, 0, 0, 0, 0, 0, 0]
Iteration 100 New: [0, 0, 56, 8, 4, 13, 21, 25, 18, 4] diff:[0, 0, 1, 0, 0, 0, 0, 0, 0, 0]
Iteration 110 New: [0, 0, 61, 9, 4, 13, 21, 25, 18, 4] diff:[0, 0, 0, 1, 0, 0, 0, 0, 0, 0]
Iteration 120 New: [0, 0, 67, 9, 4, 13, 21, 25, 18, 4] diff:[0, 0, 1, 0, 0, 0, 0, 0, 0, 0]
Iteration 130 New: [0, 0, 74, 9, 4, 13, 21, 25, 18, 3] diff:[0, 0, 1, 0, 0, 0, 0, 0, 0, 0]
Iteration 140 New: [0, 0, 76, 9, 4, 13, 21, 25, 18, 1] diff:[0, 0, -1, 0, 0, 0, 0, 0, 0, 0]
Iteration 150 New: [0, 0, 80, 9, 4, 13, 21, 25, 18, 1] diff:[0, 0, 1, 0, 0, 0, 0, 0, 0, 0]
Iteration 160 New: [0, 0, 89, 10, 4, 13, 21, 25, 18, 1] diff:[0, 0, 1, 0, 0, 0, 0, 0, 0, 0]
Iteration 170 New: [0, 0, 96, 10, 4, 13, 21, 25, 18, 0] diff:[0, 0, 1, 0, 0, 0, 0, 0, 0, 0]
Iteration 180 New: [0, 0, 104, 10, 4, 13, 21, 25, 18, 0] diff:[0, 0, 1, 0, 0, 0, 0, 0, 0, 0]
Iteration 190 New: [0, 0, 111, 11, 4, 13, 21, 25, 18, 0] diff:[0, 0, 1, 0, 0, 0, 0, 0, 0, 0]
Iteration 200 New: [0, 0, 117, 11, 4, 13, 21, 25, 18, 0] diff:[0, 0, 1, 0, 0, 0, 0, 0, 0, 0]
Iteration 210 New: [0, 0, 123, 11, 4, 13, 21, 25, 18, 0] diff:[0, 0, 1, 0, 0, 0, 0, 0, 0, 0]
Iteration 220 New: [0, 0, 128, 11, 4, 13, 21, 25, 17, 0] diff:[0, 0, 1, 0, 0, 0, 0, 0, 0, 0]
Iteration 230 New: [0, 0, 136, 11, 4, 13, 21, 25, 17, 0] diff:[0, 0, 1, 0, 0, 0, 0, 0, 0, 0]
Iteration 240 New: [0, 0, 144, 11, 4, 13, 21, 25, 17, 0] diff:[0, 0, 1, 0, 0, 0, 0, 0, 0, 0]
Iteration 250 New: [0, 0, 153, 11, 4, 13, 21, 25, 16, 0] diff:[0, 0, 1, 0, 0, 0, 0, 0, 0, 0]
Iteration 260 New: [0, 0, 163, 11, 4, 13, 21, 25, 16, 0] diff:[0, 0, 1, 0, 0, 0, 0, 0, 0, 0]
Iteration 270 New: [0, 0, 169, 11, 4, 13, 21, 25, 16, 0] diff:[0, 0, 1, 0, 0, 0, 0, 0, 0, 0]
Iteration 280 New: [0, 0, 178, 12, 4, 13, 21, 25, 16, 0] diff:[0, 0, 1, 0, 0, 0, 0, 0, 0, 0]
Iteration 290 New: [0, 0, 182, 14, 4, 13, 21, 25, 16, 0] diff:[0, 0, -1, 0, 0, 0, 0, 0, 0, 0]
Iteration 300 New: [0, 0, 182, 14, 4, 13, 21, 25, 16, 0] diff:[0, 0, -1, 0, 0, 0, 0, 0, 0, 0]
Iteration 310 New: [0, 0, 186, 14, 4, 13, 21, 25, 16, 0] diff:[0, 0, 0, 1, 0, 0, 0, 0, 0, 0]
Iteration 320 New: [0, 0, 194, 14, 4, 13, 21, 25, 14, 0] diff:[0, 0, 1, 0, 0, 0, 0, 0, 0, 0]
Iteration 330 New: [0, 0, 203, 15, 4, 13, 21, 25, 14, 0] diff:[0, 0, 1, 0, 0, 0, 0, 0, 0, 0]
Iteration 340 New: [0, 0, 213, 15, 4, 13, 21, 25, 14, 0] diff:[0, 0, 1, 0, 0, 0, 0, 0, 0, 0]
Iteration 350 New: [0, 0, 217, 15, 4, 13, 21, 25, 14, 0] diff:[0, 0, 1, 0, 0, 0, 0, 0, 0, 0]
Iteration 360 New: [0, 0, 224, 15, 4, 13, 21, 25, 11, 0] diff:[0, 0, 0, 0, 0, 0, 0, 0, -1, 0]
Iteration 370 New: [0, 0, 232, 16, 4, 13, 21, 25, 10, 0] diff:[0, 0, 1, 0, 0, 0, 0, 0, 0, 0]
Iteration 380 New: [0, 0, 240, 16, 4, 13, 21, 25, 10, 0] diff:[0, 0, 1, 0, 0, 0, 0, 0, 0, 0]
Iteration 390 New: [0, 0, 250, 16, 4, 13, 21, 25, 10, 0] diff:[0, 0, 1, 0, 0, 0, 0, 0, 0, 0]
Iteration 400 New: [0, 0, 257, 15, 4, 13, 21, 25, 10, 0] diff:[0, 0, 1, 0, 0, 0, 0, 0, 0, 0]
Iteration 410 New: [0, 0, 261, 15, 4, 13, 21, 25, 10, 0] diff:[0, 0, -1, 0, 0, 0, 0, 0, 0, 0]
Iteration 420 New: [0, 0, 267, 15, 4, 13, 21, 25, 6, 0] diff:[0, 0, 1, 0, 0, 0, 0, 0, 0, 0]
Iteration 430 New: [0, 0, 274, 17, 4, 13, 21, 25, 5, 0] diff:[0, 0, 1, 0, 0, 0, 0, 0, 0, 0]
Iteration 440 New: [0, 0, 282, 17, 4, 13, 21, 25, 5, 0] diff:[0, 0, 1, 0, 0, 0, 0, 0, 0, 0]
Iteration 450 New: [0, 0, 291, 18, 4, 13, 21, 25, 5, 0] diff:[0, 0, 1, 0, 0, 0, 0, 0, 0, 0]
Iteration 460 New: [0, 0, 297, 18, 4, 13, 21, 25, 5, 0] diff:[0, 0, 1, 0, 0, 0, 0, 0, 0, 0]
Iteration 470 New: [0, 0, 302, 19, 4, 13, 21, 25, 5, 0] diff:[0, 0, -1, 0, 0, 0, 0, 0, 0, 0]
Iteration 480 New: [0, 0, 310, 19, 4, 13, 21, 25, 5, 0] diff:[0, 0, -1, 0, 0, 0, 0, 0, 0, 0]
Iteration 490 New: [0, 0, 318, 19, 4, 13, 21, 25, 5, 0] diff:[0, 0, 1, 0, 0, 0, 0, 0, 0, 0]
Iteration 500 New: [0, 0, 324, 21, 4, 13, 21, 25, 5, 0] diff:[0, 0, 0, 1, 0, 0, 0, 0, 0, 0]
Iteration 510 New: [0, 0, 329, 22, 4, 13, 21, 25, 5, 0] diff:[0, 0, 0, 1, 0, 0, 0, 0, 0, 0]
Iteration 520 New: [0, 0, 333, 20, 4, 13, 21, 25, 5, 0] diff:[0, 0, 1, 0, 0, 0, 0, 0, 0, 0]
Iteration 530 New: [0, 0, 340, 19, 4, 13, 21, 25, 5, 0] diff:[0, 0, 1, 0, 0, 0, 0, 0, 0, 0]
Iteration 540 New: [0, 0, 349, 19, 4, 13, 21, 25, 4, 0] diff:[0, 0, 1, 0, 0, 0, 0, 0, 0, 0]
Iteration 550 New: [0, 0, 358, 19, 4, 13, 21, 25, 3, 0] diff:[0, 0, 0, 0, 0, 0, 0, 0, -1, 0]
Iteration 560 New: [0, 0, 362, 19, 4, 13, 21, 25, 3, 0] diff:[0, 0, 1, 0, 0, 0, 0, 0, 0, 0]
Iteration 570 New: [0, 0, 370, 21, 4, 13, 21, 25, 3, 0] diff:[0, 0, 1, 0, 0, 0, 0, 0, 0, 0]
Iteration 580 New: [0, 0, 376, 25, 4, 13, 21, 25, 3, 0] diff:[0, 0, 1, 0, 0, 0, 0, 0, 0, 0]
Iteration 590 New: [0, 0, 382, 29, 4, 13, 21, 25, 3, 0] diff:[0, 0, 1, 0, 0, 0, 0, 0, 0, 0]
Iteration 600 New: [0, 0, 388, 29, 4, 13, 21, 25, 3, 0] diff:[0, 0, 0, -1, 0, 0, 0, 0, 0, 0]
Iteration 610 New: [0, 0, 388, 27, 4, 13, 21, 25, 3, 0] diff:[0, 0, 1, 0, 0, 0, 0, 0, 0, 0]
Iteration 620 New: [0, 0, 391, 28, 4, 13, 21, 25, 3, 0] diff:[0, 0, 1, 0, 0, 0, 0, 0, 0, 0]
Iteration 630 New: [0, 0, 397, 30, 4, 13, 21, 25, 3, 0] diff:[0, 0, 1, 0, 0, 0, 0, 0, 0, 0]
Iteration 640 New: [0, 0, 403, 30, 4, 13, 21, 25, 1, 0] diff:[0, 0, 1, 0, 0, 0, 0, 0, 0, 0]
Iteration 650 New: [0, 0, 409, 34, 4, 13, 21, 25, 1, 0] diff:[0, 0, 1, 0, 0, 0, 0, 0, 0, 0]
Iteration 660 New: [0, 0, 416, 35, 4, 13, 21, 25, 1, 0] diff:[0, 0, 1, 0, 0, 0, 0, 0, 0, 0]
Iteration 670 New: [0, 0, 422, 37, 4, 13, 21, 24, 0, 0] diff:[0, 0, 0, 1, 0, 0, 0, 0, 0, 0]
Iteration 680 New: [0, 0, 432, 37, 4, 13, 21, 24, 0, 0] diff:[0, 0, 1, 0, 0, 0, 0, 0, 0, 0]
Iteration 690 New: [0, 0, 439, 39, 4, 13, 21, 23, 0, 0] diff:[0, 0, 1, 0, 0, 0, 0, 0, 0, 0]
Iteration 700 New: [0, 0, 446, 40, 4, 13, 21, 23, 0, 0] diff:[0, 0, 0, 1, 0, 0, 0, 0, 0, 0]
Iteration 710 New: [0, 0, 454, 42, 4, 13, 21, 23, 0, 0] diff:[0, 0, 1, 0, 0, 0, 0, 0, 0, 0]
Iteration 720 New: [0, 0, 458, 42, 4, 13, 21, 19, 0, 0] diff:[0, 0, 1, 0, 0, 0, 0, 0, 0, 0]
Iteration 730 New: [0, 0, 468, 42, 4, 13, 21, 19, 0, 0] diff:[0, 0, 1, 0, 0, 0, 0, 0, 0, 0]
Iteration 740 New: [0, 0, 475, 43, 4, 13, 21, 17, 0, 0] diff:[0, 0, 0, 0, 0, 0, 0, -1, 0, 0]
Iteration 750 New: [0, 0, 479, 43, 5, 13, 21, 14, 0, 0] diff:[0, 0, 0, 0, 1, 0, 0, 0, 0, 0]
Iteration 760 New: [0, 0, 488, 44, 5, 13, 21, 14, 0, 0] diff:[0, 0, 1, 0, 0, 0, 0, 0, 0, 0]
Iteration 770 New: [0, 0, 496, 45, 5, 13, 21, 13, 0, 0] diff:[0, 0, 1, 0, 0, 0, 0, 0, 0, 0]
Iteration 780 New: [0, 0, 500, 46, 5, 13, 21, 12, 0, 0] diff:[0, 0, 0, 0, 0, 0, 0, -1, 0, 0]
Iteration 790 New: [0, 0, 508, 46, 5, 13, 21, 10, 0, 0] diff:[0, 0, 1, 0, 0, 0, 0, 0, 0, 0]
Iteration 800 New: [0, 0, 514, 48, 5, 13, 21, 10, 0, 0] diff:[0, 0, 1, 0, 0, 0, 0, 0, 0, 0]
Iteration 810 New: [0, 0, 522, 48, 5, 13, 21, 10, 0, 0] diff:[0, 0, 1, 0, 0, 0, 0, 0, 0, 0]
Iteration 820 New: [0, 0, 532, 48, 5, 13, 21, 10, 0, 0] diff:[0, 0, 1, 0, 0, 0, 0, 0, 0, 0]
Iteration 830 New: [0, 0, 538, 50, 5, 13, 21, 10, 0, 0] diff:[0, 0, 1, 0, 0, 0, 0, 0, 0, 0]
Iteration 840 New: [0, 0, 543, 52, 5, 13, 21, 9, 0, 0] diff:[0, 0, 1, 0, 0, 0, 0, 0, 0, 0]
Iteration 850 New: [0, 0, 549, 54, 5, 13, 21, 9, 0, 0] diff:[0, 0, 1, 0, 0, 0, 0, 0, 0, 0]
Iteration 860 New: [0, 0, 556, 57, 5, 13, 21, 9, 0, 0] diff:[0, 0, 1, 0, 0, 0, 0, 0, 0, 0]
Iteration 870 New: [0, 0, 560, 58, 5, 13, 21, 6, 0, 0] diff:[0, 0, 0, -1, 0, 0, 0, 0, 0, 0]
Iteration 880 New: [0, 0, 565, 58, 5, 13, 21, 3, 0, 0] diff:[0, 0, -1, 0, 0, 0, 0, 0, 0, 0]
Iteration 890 New: [0, 0, 568, 61, 5, 13, 21, 3, 0, 0] diff:[0, 0, 1, 0, 0, 0, 0, 0, 0, 0]
Iteration 900 New: [0, 0, 574, 62, 5, 13, 21, 2, 0, 0] diff:[0, 0, -1, 0, 0, 0, 0, 0, 0, 0]
Iteration 910 New: [0, 0, 582, 64, 5, 13, 21, 2, 0, 0] diff:[0, 0, 1, 0, 0, 0, 0, 0, 0, 0]
Iteration 920 New: [0, 0, 588, 66, 5, 13, 21, 2, 0, 0] diff:[0, 0, 1, 0, 0, 0, 0, 0, 0, 0]
Iteration 930 New: [0, 0, 594, 68, 5, 13, 21, 0, 0, 0] diff:[0, 0, 1, 0, 0, 0, 0, 0, 0, 0]
Iteration 940 New: [0, 0, 602, 69, 5, 13, 20, 0, 0, 0] diff:[0, 0, 1, 0, 0, 0, 0, 0, 0, 0]
Iteration 950 New: [0, 0, 607, 70, 4, 13, 19, 0, 0, 0] diff:[0, 0, 0, 0, -1, 0, 0, 0, 0, 0]
Iteration 960 New: [0, 0, 617, 70, 4, 13, 19, 0, 0, 0] diff:[0, 0, 1, 0, 0, 0, 0, 0, 0, 0]
Iteration 970 New: [0, 0, 618, 75, 4, 13, 17, 0, 0, 0] diff:[0, 0, 0, 1, 0, 0, 0, 0, 0, 0]
Iteration 980 New: [0, 0, 626, 77, 4, 13, 17, 0, 0, 0] diff:[0, 0, 1, 0, 0, 0, 0, 0, 0, 0]
Iteration 990 New: [0, 0, 633, 78, 4, 13, 17, 0, 0, 0] diff:[0, 0, 1, 0, 0, 0, 0, 0, 0, 0]
Iteration 1000 New: [0, 0, 641, 77, 4, 13, 16, 0, 0, 0] diff:[0, 0, 1, 0, 0, 0, 0, 0, 0, 0]
Iteration 1010 New: [0, 0, 649, 76, 4, 13, 15, 0, 0, 0] diff:[0, 0, 0, 0, 0, 0, -1, 0, 0, 0]
Iteration 1020 New: [0, 0, 652, 81, 4, 13, 13, 0, 0, 0] diff:[0, 0, 0, 1, 0, 0, 0, 0, 0, 0]
Iteration 1030 New: [0, 0, 655, 84, 4, 13, 11, 0, 0, 0] diff:[0, 0, 0, 1, 0, 0, 0, 0, 0, 0]
Iteration 1040 New: [0, 0, 658, 87, 3, 13, 8, 0, 0, 0] diff:[0, 0, 0, 0, 0, 0, -1, 0, 0, 0]
Iteration 1050 New: [0, 0, 664, 90, 3, 13, 7, 0, 0, 0] diff:[0, 0, 0, 1, 0, 0, 0, 0, 0, 0]
Iteration 1060 New: [0, 0, 671, 89, 3, 13, 7, 0, 0, 0] diff:[0, 0, 1, 0, 0, 0, 0, 0, 0, 0]
Iteration 1070 New: [0, 0, 677, 92, 3, 13, 6, 0, 0, 0] diff:[0, 0, 1, 0, 0, 0, 0, 0, 0, 0]
Iteration 1080 New: [0, 0, 679, 95, 3, 13, 5, 0, 0, 0] diff:[0, 0, 0, 1, 0, 0, 0, 0, 0, 0]
Iteration 1090 New: [0, 0, 684, 98, 3, 13, 3, 0, 0, 0] diff:[0, 0, 1, 0, 0, 0, 0, 0, 0, 0]
Iteration 1100 New: [0, 0, 687, 100, 3, 13, 2, 0, 0, 0] diff:[0, 0, 1, 0, 0, 0, 0, 0, 0, 0]
Iteration 1110 New: [0, 0, 691, 103, 3, 13, 1, 0, 0, 0] diff:[0, 0, 0, -1, 0, 0, 0, 0, 0, 0]
Iteration 1120 New: [0, 0, 697, 105, 3, 13, 1, 0, 0, 0] diff:[0, 0, 1, 0, 0, 0, 0, 0, 0, 0]
Iteration 1130 New: [0, 0, 705, 105, 3, 13, 1, 0, 0, 0] diff:[0, 0, 1, 0, 0, 0, 0, 0, 0, 0]
Iteration 1140 New: [0, 0, 711, 109, 3, 13, 1, 0, 0, 0] diff:[0, 0, 0, 1, 0, 0, 0, 0, 0, 0]
Iteration 1150 New: [0, 0, 714, 109, 3, 13, 0, 0, 0, 0] diff:[0, 0, 1, 0, 0, 0, 0, 0, 0, 0]
Iteration 1160 New: [0, 0, 719, 112, 3, 11, 0, 0, 0, 0] diff:[0, 0, 0, 1, 0, 0, 0, 0, 0, 0]
Iteration 1170 New: [0, 0, 721, 115, 3, 8, 0, 0, 0, 0] diff:[0, 0, 0, 0, 0, -1, 0, 0, 0, 0]
Iteration 1180 New: [0, 0, 726, 117, 3, 7, 0, 0, 0, 0] diff:[0, 0, 1, 0, 0, 0, 0, 0, 0, 0]
Iteration 1190 New: [0, 0, 730, 120, 3, 6, 0, 0, 0, 0] diff:[0, 0, 0, 1, 0, 0, 0, 0, 0, 0]
Iteration 1200 New: [0, 0, 735, 123, 3, 4, 0, 0, 0, 0] diff:[0, 0, 0, 1, 0, 0, 0, 0, 0, 0]
Iteration 1210 New: [0, 0, 737, 125, 3, 4, 0, 0, 0, 0] diff:[0, 0, 0, 1, 0, 0, 0, 0, 0, 0]
Iteration 1220 New: [0, 0, 743, 125, 3, 2, 0, 0, 0, 0] diff:[0, 0, 1, 0, 0, 0, 0, 0, 0, 0]
Iteration 1230 New: [0, 0, 746, 123, 3, 1, 0, 0, 0, 0] diff:[0, 0, 0, 0, 0, -1, 0, 0, 0, 0]
Iteration 1240 New: [0, 0, 749, 125, 3, 0, 0, 0, 0, 0] diff:[0, 0, 0, -1, 0, 0, 0, 0, 0, 0]
Iteration 1250 New: [0, 0, 757, 126, 2, 0, 0, 0, 0, 0] diff:[0, 0, 1, 0, 0, 0, 0, 0, 0, 0]
Iteration 1260 New: [0, 0, 762, 129, 2, 0, 0, 0, 0, 0] diff:[0, 0, 1, 0, 0, 0, 0, 0, 0, 0]
Iteration 1270 New: [0, 0, 763, 130, 0, 0, 0, 0, 0, 0] diff:[0, 0, 0, -1, 0, 0, 0, 0, 0, 0]
Iteration 1280 New: [0, 0, 771, 128, 0, 0, 0, 0, 0, 0] diff:[0, 0, 1, 0, 0, 0, 0, 0, 0, 0]
Iteration 1290 New: [0, 0, 776, 125, 0, 0, 0, 0, 0, 0] diff:[0, 0, 1, 0, 0, 0, 0, 0, 0, 0]
Iteration 1300 New: [0, 0, 781, 124, 0, 0, 0, 0, 0, 0] diff:[0, 0, 0, -1, 0, 0, 0, 0, 0, 0]
Iteration 1310 New: [0, 0, 780, 123, 0, 0, 0, 0, 0, 0] diff:[0, 0, -1, 0, 0, 0, 0, 0, 0, 0]
Iteration 1320 New: [0, 0, 787, 120, 0, 0, 0, 0, 0, 0] diff:[0, 0, 1, 0, 0, 0, 0, 0, 0, 0]
Iteration 1330 New: [0, 0, 793, 120, 0, 0, 0, 0, 0, 0] diff:[0, 0, 1, 0, 0, 0, 0, 0, 0, 0]
Iteration 1340 New: [0, 0, 797, 118, 0, 0, 0, 0, 0, 0] diff:[0, 0, 0, -1, 0, 0, 0, 0, 0, 0]
Iteration 1350 New: [0, 0, 797, 112, 0, 0, 0, 0, 0, 0] diff:[0, 0, 0, -1, 0, 0, 0, 0, 0, 0]
Iteration 1360 New: [0, 0, 805, 112, 0, 0, 0, 0, 0, 0] diff:[0, 0, 1, 0, 0, 0, 0, 0, 0, 0]
Iteration 1370 New: [0, 0, 812, 111, 0, 0, 0, 0, 0, 0] diff:[0, 0, 1, 0, 0, 0, 0, 0, 0, 0]
Iteration 1380 New: [0, 0, 817, 106, 0, 0, 0, 0, 0, 0] diff:[0, 0, 1, 0, 0, 0, 0, 0, 0, 0]
Iteration 1390 New: [0, 0, 823, 102, 0, 0, 0, 0, 0, 0] diff:[0, 0, 0, -1, 0, 0, 0, 0, 0, 0]
Iteration 1400 New: [0, 0, 827, 98, 0, 0, 0, 0, 0, 0] diff:[0, 0, 1, 0, 0, 0, 0, 0, 0, 0]
Iteration 1410 New: [0, 0, 831, 94, 0, 0, 0, 0, 0, 0] diff:[0, 0, -1, 0, 0, 0, 0, 0, 0, 0]
Iteration 1420 New: [0, 0, 838, 93, 0, 0, 0, 0, 0, 0] diff:[0, 0, 1, 0, 0, 0, 0, 0, 0, 0]
Iteration 1430 New: [0, 0, 843, 88, 0, 0, 0, 0, 0, 0] diff:[0, 0, 0, -1, 0, 0, 0, 0, 0, 0]
Iteration 1440 New: [0, 0, 846, 85, 0, 0, 0, 0, 0, 0] diff:[0, 0, 0, -1, 0, 0, 0, 0, 0, 0]
Iteration 1450 New: [0, 0, 848, 81, 0, 0, 0, 0, 0, 0] diff:[0, 0, -1, 0, 0, 0, 0, 0, 0, 0]
Iteration 1460 New: [0, 0, 857, 80, 0, 0, 0, 0, 0, 0] diff:[0, 0, 1, 0, 0, 0, 0, 0, 0, 0]
Iteration 1470 New: [0, 0, 866, 79, 0, 0, 0, 0, 0, 0] diff:[0, 0, 1, 0, 0, 0, 0, 0, 0, 0]
Iteration 1480 New: [0, 0, 872, 75, 0, 0, 0, 0, 0, 0] diff:[0, 0, 1, 0, 0, 0, 0, 0, 0, 0]
Iteration 1490 New: [0, 0, 879, 76, 0, 0, 0, 0, 0, 0] diff:[0, 0, 1, 0, 0, 0, 0, 0, 0, 0]
Iteration 1500 New: [0, 0, 879, 72, 0, 0, 0, 0, 0, 0] diff:[0, 0, 0, -1, 0, 0, 0, 0, 0, 0]
Iteration 1510 New: [0, 0, 883, 70, 0, 0, 0, 0, 0, 0] diff:[0, 0, -1, 0, 0, 0, 0, 0, 0, 0]
Iteration 1520 New: [0, 0, 890, 67, 0, 0, 0, 0, 0, 0] diff:[0, 0, 1, 0, 0, 0, 0, 0, 0, 0]
Iteration 1530 New: [0, 0, 893, 64, 0, 0, 0, 0, 0, 0] diff:[0, 0, 0, -1, 0, 0, 0, 0, 0, 0]
Iteration 1540 New: [0, 0, 903, 64, 0, 0, 0, 0, 0, 0] diff:[0, 0, 1, 0, 0, 0, 0, 0, 0, 0]
Iteration 1550 New: [0, 0, 908, 59, 0, 0, 0, 0, 0, 0] diff:[0, 0, 0, -1, 0, 0, 0, 0, 0, 0]
Iteration 1560 New: [0, 0, 913, 56, 0, 0, 0, 0, 0, 0] diff:[0, 0, 0, -1, 0, 0, 0, 0, 0, 0]
Iteration 1570 New: [0, 0, 921, 56, 0, 0, 0, 0, 0, 0] diff:[0, 0, 1, 0, 0, 0, 0, 0, 0, 0]
Iteration 1580 New: [0, 0, 928, 53, 0, 0, 0, 0, 0, 0] diff:[0, 0, 1, 0, 0, 0, 0, 0, 0, 0]
Iteration 1590 New: [0, 0, 934, 49, 0, 0, 0, 0, 0, 0] diff:[0, 0, 1, 0, 0, 0, 0, 0, 0, 0]
Iteration 1600 New: [0, 0, 939, 48, 0, 0, 0, 0, 0, 0] diff:[0, 0, -1, 0, 0, 0, 0, 0, 0, 0]
Iteration 1610 New: [0, 0, 943, 42, 0, 0, 0, 0, 0, 0] diff:[0, 0, 1, 0, 0, 0, 0, 0, 0, 0]
Iteration 1620 New: [0, 0, 946, 35, 0, 0, 0, 0, 0, 0] diff:[0, 0, 1, 0, 0, 0, 0, 0, 0, 0]
Iteration 1630 New: [0, 0, 951, 32, 0, 0, 0, 0, 0, 0] diff:[0, 0, 0, -1, 0, 0, 0, 0, 0, 0]
Iteration 1640 New: [0, 0, 957, 28, 0, 0, 0, 0, 0, 0] diff:[0, 0, 1, 0, 0, 0, 0, 0, 0, 0]
Iteration 1650 New: [0, 0, 962, 25, 0, 0, 0, 0, 0, 0] diff:[0, 0, 0, -1, 0, 0, 0, 0, 0, 0]
Iteration 1660 New: [0, 0, 969, 22, 0, 0, 0, 0, 0, 0] diff:[0, 0, 0, -1, 0, 0, 0, 0, 0, 0]
Iteration 1670 New: [0, 0, 977, 20, 0, 0, 0, 0, 0, 0] diff:[0, 0, 0, -1, 0, 0, 0, 0, 0, 0]
Iteration 1680 New: [0, 0, 979, 16, 0, 0, 0, 0, 0, 0] diff:[0, 0, 1, 0, 0, 0, 0, 0, 0, 0]
Iteration 1690 New: [0, 0, 986, 13, 0, 0, 0, 0, 0, 0] diff:[0, 0, 0, -1, 0, 0, 0, 0, 0, 0]
Iteration 1700 New: [0, 0, 993, 10, 0, 0, 0, 0, 0, 0] diff:[0, 0, 1, 0, 0, 0, 0, 0, 0, 0]
Iteration 1710 New: [0, 0, 996, 5, 0, 0, 0, 0, 0, 0] diff:[0, 0, 0, -1, 0, 0, 0, 0, 0, 0]
Iteration 1720 New: [0, 0, 1002, 1, 0, 0, 0, 0, 0, 0] diff:[0, 0, 0, -1, 0, 0, 0, 0, 0, 0]
Iteration 1730 New: [0, 0, 1007, 0, 0, 0, 0, 0, 0, 0] diff:[0, 0, -1, 0, 0, 0, 0, 0, 0, 0]
Iteration 1740 New: [0, 0, 1015, 0, 0, 0, 0, 0, 0, 0] diff:[0, 0, 1, 0, 0, 0, 0, 0, 0, 0]
Iteration 1750 New: [0, 0, 1015, 0, 0, 0, 0, 0, 0, 0] diff:[0, 0, 1, 0, 0, 0, 0, 0, 0, 0]
Iteration 1760 New: [0, 0, 1017, 0, 0, 0, 0, 0, 0, 0] diff:[0, 0, -1, 0, 0, 0, 0, 0, 0, 0]
Iteration 1770 New: [0, 0, 1015, 0, 0, 0, 0, 0, 0, 0] diff:[0, 0, 1, 0, 0, 0, 0, 0, 0, 0]
Iteration 1780 New: [0, 0, 1017, 0, 0, 0, 0, 0, 0, 0] diff:[0, 0, 1, 0, 0, 0, 0, 0, 0, 0]
Iteration 1790 New: [0, 0, 1021, 0, 0, 0, 0, 0, 0, 0] diff:[0, 0, -1, 0, 0, 0, 0, 0, 0, 0]
Iteration 1800 New: [0, 0, 1021, 0, 0, 0, 0, 0, 0, 0] diff:[0, 0, 1, 0, 0, 0, 0, 0, 0, 0]
Iteration 1810 New: [0, 0, 1027, 0, 0, 0, 0, 0, 0, 0] diff:[0, 0, -1, 0, 0, 0, 0, 0, 0, 0]
Iteration 1820 New: [0, 0, 1025, 0, 0, 0, 0, 0, 0, 0] diff:[0, 0, 1, 0, 0, 0, 0, 0, 0, 0]
Iteration 1830 New: [0, 0, 1031, 0, 0, 0, 0, 0, 0, 0] diff:[0, 0, 1, 0, 0, 0, 0, 0, 0, 0]
Iteration 1840 New: [0, 0, 1033, 0, 0, 0, 0, 0, 0, 0] diff:[0, 0, -1, 0, 0, 0, 0, 0, 0, 0]
Iteration 1850 New: [0, 0, 1031, 0, 0, 0, 0, 0, 0, 0] diff:[0, 0, -1, 0, 0, 0, 0, 0, 0, 0]
Iteration 1860 New: [0, 0, 1035, 0, 0, 0, 0, 0, 0, 0] diff:[0, 0, 1, 0, 0, 0, 0, 0, 0, 0]
Iteration 1870 New: [0, 0, 1039, 0, 0, 0, 0, 0, 0, 0] diff:[0, 0, 1, 0, 0, 0, 0, 0, 0, 0]
Iteration 1880 New: [0, 0, 1039, 0, 0, 0, 0, 0, 0, 0] diff:[0, 0, -1, 0, 0, 0, 0, 0, 0, 0]
Iteration 1890 New: [0, 0, 1037, 0, 0, 0, 0, 0, 0, 0] diff:[0, 0, -1, 0, 0, 0, 0, 0, 0, 0]
Iteration 1900 New: [0, 0, 1035, 0, 0, 0, 0, 0, 0, 0] diff:[0, 0, -1, 0, 0, 0, 0, 0, 0, 0]
Auto-stopped algorithm at 1908th iteration

A target 10000 more iterations took 12967738688 ns.
Total iterations 1908
Total algorithm runtime 12967738688 ns
  or 12967.738688 ms