game_thrones.gt
Iteration 10 New: [0, 0, 25, 24, 44, 30, 15, 1] diff:[0, 0, 1, 0, 0, 0, 0, 0]
Iteration 20 New: [0, 0, 27, 24, 44, 30, 15, 1] diff:[0, 0, 1, 0, 0, 0, 0, 0]
Iteration 30 New: [0, 0, 35, 24, 44, 30, 15, 1] diff:[0, 0, 1, 0, 0, 0, 0, 0]
Iteration 40 New: [0, 0, 35, 24, 44, 30, 15, 1] diff:[0, 0, 1, 0, 0, 0, 0, 0]
Iteration 50 New: [0, 0, 36, 25, 44, 30, 15, 1] diff:[0, 0, -1, 0, 0, 0, 0, 0]
Iteration 60 New: [0, 0, 38, 25, 44, 30, 15, 1] diff:[0, 0, 1, 0, 0, 0, 0, 0]
Iteration 70 New: [0, 0, 37, 24, 44, 30, 15, 1] diff:[0, 0, -1, 0, 0, 0, 0, 0]
Iteration 80 New: [0, 0, 37, 24, 44, 30, 15, 1] diff:[0, 0, 1, 0, 0, 0, 0, 0]
Iteration 90 New: [0, 0, 39, 24, 44, 30, 15, 1] diff:[0, 0, -1, 0, 0, 0, 0, 0]
Iteration 100 New: [0, 0, 37, 24, 44, 30, 15, 1] diff:[0, 0, -1, 0, 0, 0, 0, 0]
Iteration 110 New: [0, 0, 33, 24, 44, 30, 15, 1] diff:[0, 0, 1, 0, 0, 0, 0, 0]
Iteration 120 New: [0, 0, 29, 24, 44, 30, 15, 1] diff:[0, 0, -1, 0, 0, 0, 0, 0]
Iteration 130 New: [0, 0, 30, 25, 44, 30, 15, 1] diff:[0, 0, -1, 0, 0, 0, 0, 0]
Iteration 140 New: [0, 0, 30, 25, 44, 30, 15, 1] diff:[0, 0, -1, 0, 0, 0, 0, 0]
Iteration 150 New: [0, 0, 30, 25, 44, 30, 15, 1] diff:[0, 0, 1, 0, 0, 0, 0, 0]
Iteration 160 New: [0, 0, 33, 24, 44, 30, 15, 1] diff:[0, 0, 1, 0, 0, 0, 0, 0]
Iteration 170 New: [0, 0, 34, 25, 44, 30, 15, 1] diff:[0, 0, 1, 0, 0, 0, 0, 0]
Iteration 180 New: [0, 0, 30, 25, 44, 30, 15, 1] diff:[0, 0, -1, 0, 0, 0, 0, 0]
Iteration 190 New: [0, 0, 33, 24, 44, 30, 15, 1] diff:[0, 0, 1, 0, 0, 0, 0, 0]
Iteration 200 New: [0, 0, 36, 25, 44, 30, 15, 1] diff:[0, 0, 1, 0, 0, 0, 0, 0]
Iteration 210 New: [0, 0, 30, 25, 44, 30, 15, 1] diff:[0, 0, -1, 0, 0, 0, 0, 0]
Iteration 220 New: [0, 0, 28, 25, 44, 30, 15, 1] diff:[0, 0, 1, 0, 0, 0, 0, 0]
Iteration 230 New: [0, 0, 34, 25, 44, 30, 15, 1] diff:[0, 0, 1, 0, 0, 0, 0, 0]
Iteration 240 New: [0, 0, 36, 25, 44, 30, 15, 1] diff:[0, 0, 1, 0, 0, 0, 0, 0]
Iteration 250 New: [0, 0, 33, 24, 44, 30, 15, 1] diff:[0, 0, 1, 0, 0, 0, 0, 0]
Iteration 260 New: [0, 0, 31, 24, 44, 30, 15, 1] diff:[0, 0, -1, 0, 0, 0, 0, 0]
Iteration 270 New: [0, 0, 33, 24, 44, 30, 15, 1] diff:[0, 0, -1, 0, 0, 0, 0, 0]
Iteration 280 New: [0, 0, 33, 24, 44, 30, 15, 1] diff:[0, 0, 1, 0, 0, 0, 0, 0]
Iteration 290 New: [0, 0, 31, 24, 44, 30, 15, 1] diff:[0, 0, -1, 0, 0, 0, 0, 0]
Iteration 300 New: [0, 0, 29, 24, 44, 30, 15, 1] diff:[0, 0, -1, 0, 0, 0, 0, 0]
Iteration 310 New: [0, 0, 29, 24, 44, 30, 15, 1] diff:[0, 0, 1, 0, 0, 0, 0, 0]
Iteration 320 New: [0, 0, 31, 24, 44, 30, 15, 1] diff:[0, 0, 1, 0, 0, 0, 0, 0]
Iteration 330 New: [0, 0, 31, 24, 44, 30, 15, 1] diff:[0, 0, -1, 0, 0, 0, 0, 0]
Iteration 340 New: [0, 0, 31, 24, 44, 30, 15, 1] diff:[0, 0, -1, 0, 0, 0, 0, 0]
Iteration 350 New: [0, 0, 31, 24, 44, 30, 15, 1] diff:[0, 0, 1, 0, 0, 0, 0, 0]
Iteration 360 New: [0, 0, 33, 24, 44, 30, 15, 1] diff:[0, 0, 1, 0, 0, 0, 0, 0]
Iteration 370 New: [0, 0, 31, 24, 44, 30, 15, 1] diff:[0, 0, 1, 0, 0, 0, 0, 0]
Iteration 380 New: [0, 0, 29, 24, 44, 30, 15, 1] diff:[0, 0, 1, 0, 0, 0, 0, 0]
Iteration 390 New: [0, 0, 31, 24, 44, 30, 15, 1] diff:[0, 0, 1, 0, 0, 0, 0, 0]
Iteration 400 New: [0, 0, 33, 24, 44, 30, 15, 1] diff:[0, 0, -1, 0, 0, 0, 0, 0]
Iteration 410 New: [0, 0, 39, 24, 44, 30, 15, 1] diff:[0, 0, 1, 0, 0, 0, 0, 0]
Iteration 420 New: [0, 0, 37, 24, 44, 30, 15, 1] diff:[0, 0, -1, 0, 0, 0, 0, 0]
Iteration 430 New: [0, 0, 35, 24, 44, 30, 15, 1] diff:[0, 0, -1, 0, 0, 0, 0, 0]
Iteration 440 New: [0, 0, 31, 24, 44, 30, 15, 1] diff:[0, 0, -1, 0, 0, 0, 0, 0]
Iteration 450 New: [0, 0, 29, 24, 44, 30, 15, 1] diff:[0, 0, 1, 0, 0, 0, 0, 0]
Iteration 460 New: [0, 0, 29, 24, 44, 30, 15, 1] diff:[0, 0, -1, 0, 0, 0, 0, 0]
Iteration 470 New: [0, 0, 31, 24, 44, 30, 15, 1] diff:[0, 0, 1, 0, 0, 0, 0, 0]
Iteration 480 New: [0, 0, 27, 24, 44, 30, 15, 1] diff:[0, 0, -1, 0, 0, 0, 0, 0]
Iteration 490 New: [0, 0, 31, 24, 44, 30, 15, 1] diff:[0, 0, -1, 0, 0, 0, 0, 0]
Iteration 500 New: [0, 0, 25, 24, 44, 30, 15, 1] diff:[0, 0, -1, 0, 0, 0, 0, 0]
Iteration 510 New: [0, 0, 31, 24, 44, 30, 15, 1] diff:[0, 0, 1, 0, 0, 0, 0, 0]
Iteration 520 New: [0, 0, 29, 24, 44, 30, 15, 1] diff:[0, 0, -1, 0, 0, 0, 0, 0]
Iteration 530 New: [0, 0, 33, 24, 44, 30, 15, 1] diff:[0, 0, 1, 0, 0, 0, 0, 0]
Iteration 540 New: [0, 0, 33, 24, 44, 30, 15, 1] diff:[0, 0, -1, 0, 0, 0, 0, 0]
Iteration 550 New: [0, 0, 37, 24, 44, 30, 15, 1] diff:[0, 0, -1, 0, 0, 0, 0, 0]
Iteration 560 New: [0, 0, 33, 24, 44, 30, 15, 1] diff:[0, 0, 1, 0, 0, 0, 0, 0]
Iteration 570 New: [0, 0, 35, 24, 44, 30, 15, 1] diff:[0, 0, 1, 0, 0, 0, 0, 0]
Iteration 580 New: [0, 0, 33, 24, 44, 30, 15, 1] diff:[0, 0, -1, 0, 0, 0, 0, 0]
Iteration 590 New: [0, 0, 31, 24, 44, 30, 15, 1] diff:[0, 0, 1, 0, 0, 0, 0, 0]
Iteration 600 New: [0, 0, 33, 24, 44, 30, 15, 1] diff:[0, 0, 1, 0, 0, 0, 0, 0]
Iteration 610 New: [0, 0, 31, 24, 44, 30, 15, 1] diff:[0, 0, 1, 0, 0, 0, 0, 0]
Iteration 620 New: [0, 0, 35, 24, 44, 30, 15, 1] diff:[0, 0, 1, 0, 0, 0, 0, 0]
Iteration 630 New: [0, 0, 35, 24, 44, 30, 15, 1] diff:[0, 0, 1, 0, 0, 0, 0, 0]
Iteration 640 New: [0, 0, 35, 24, 44, 30, 15, 1] diff:[0, 0, 0, -1, 0, 0, 0, 0]
Iteration 650 New: [0, 0, 33, 24, 44, 30, 15, 1] diff:[0, 0, 1, 0, 0, 0, 0, 0]
Iteration 660 New: [0, 0, 31, 24, 44, 30, 15, 1] diff:[0, 0, -1, 0, 0, 0, 0, 0]
Iteration 670 New: [0, 0, 33, 24, 44, 30, 15, 1] diff:[0, 0, -1, 0, 0, 0, 0, 0]
Iteration 680 New: [0, 0, 39, 24, 44, 30, 15, 1] diff:[0, 0, 1, 0, 0, 0, 0, 0]
Iteration 690 New: [0, 0, 35, 24, 44, 30, 15, 1] diff:[0, 0, -1, 0, 0, 0, 0, 0]
Iteration 700 New: [0, 0, 33, 24, 44, 30, 15, 1] diff:[0, 0, -1, 0, 0, 0, 0, 0]
Iteration 710 New: [0, 0, 33, 24, 44, 30, 15, 1] diff:[0, 0, 1, 0, 0, 0, 0, 0]
Iteration 720 New: [0, 0, 33, 24, 44, 30, 15, 1] diff:[0, 0, 1, 0, 0, 0, 0, 0]
Iteration 730 New: [0, 0, 35, 24, 44, 30, 15, 1] diff:[0, 0, 1, 0, 0, 0, 0, 0]
Iteration 740 New: [0, 0, 30, 25, 44, 30, 15, 1] diff:[0, 0, 1, 0, 0, 0, 0, 0]
Iteration 750 New: [0, 0, 29, 24, 44, 30, 15, 1] diff:[0, 0, -1, 0, 0, 0, 0, 0]
Iteration 760 New: [0, 0, 31, 24, 44, 30, 15, 1] diff:[0, 0, -1, 0, 0, 0, 0, 0]
Iteration 770 New: [0, 0, 29, 24, 44, 30, 15, 1] diff:[0, 0, -1, 0, 0, 0, 0, 0]
Iteration 780 New: [0, 0, 31, 24, 44, 30, 15, 1] diff:[0, 0, 1, 0, 0, 0, 0, 0]
Iteration 790 New: [0, 0, 29, 24, 44, 30, 15, 1] diff:[0, 0, -1, 0, 0, 0, 0, 0]
Iteration 800 New: [0, 0, 29, 24, 44, 30, 15, 1] diff:[0, 0, -1, 0, 0, 0, 0, 0]
Iteration 810 New: [0, 0, 31, 24, 44, 30, 15, 1] diff:[0, 0, -1, 0, 0, 0, 0, 0]
Iteration 820 New: [0, 0, 31, 24, 44, 30, 15, 1] diff:[0, 0, -1, 0, 0, 0, 0, 0]
Iteration 830 New: [0, 0, 31, 24, 44, 30, 15, 1] diff:[0, 0, 1, 0, 0, 0, 0, 0]
Iteration 840 New: [0, 0, 29, 24, 44, 30, 15, 1] diff:[0, 0, 1, 0, 0, 0, 0, 0]
Iteration 850 New: [0, 0, 31, 24, 44, 30, 15, 1] diff:[0, 0, 1, 0, 0, 0, 0, 0]
Iteration 860 New: [0, 0, 31, 24, 44, 30, 15, 1] diff:[0, 0, 1, 0, 0, 0, 0, 0]
Iteration 870 New: [0, 0, 27, 24, 44, 30, 15, 1] diff:[0, 0, -1, 0, 0, 0, 0, 0]
Iteration 880 New: [0, 0, 33, 24, 44, 30, 15, 1] diff:[0, 0, 1, 0, 0, 0, 0, 0]
Iteration 890 New: [0, 0, 33, 24, 44, 30, 15, 1] diff:[0, 0, -1, 0, 0, 0, 0, 0]
Iteration 900 New: [0, 0, 33, 24, 44, 30, 15, 1] diff:[0, 0, 1, 0, 0, 0, 0, 0]
Iteration 910 New: [0, 0, 37, 24, 44, 30, 15, 1] diff:[0, 0, 1, 0, 0, 0, 0, 0]
Iteration 920 New: [0, 0, 43, 24, 44, 30, 15, 1] diff:[0, 0, 1, 0, 0, 0, 0, 0]
Iteration 930 New: [0, 0, 43, 24, 44, 30, 15, 1] diff:[0, 0, -1, 0, 0, 0, 0, 0]
Iteration 940 New: [0, 0, 41, 24, 44, 30, 15, 1] diff:[0, 0, 1, 0, 0, 0, 0, 0]
Iteration 950 New: [0, 0, 39, 24, 44, 30, 15, 1] diff:[0, 0, 1, 0, 0, 0, 0, 0]
Iteration 960 New: [0, 0, 41, 24, 44, 30, 15, 1] diff:[0, 0, 1, 0, 0, 0, 0, 0]
Iteration 970 New: [0, 0, 41, 24, 44, 30, 15, 1] diff:[0, 0, -1, 0, 0, 0, 0, 0]
Iteration 980 New: [0, 0, 41, 26, 44, 30, 15, 1] diff:[0, 0, -1, 0, 0, 0, 0, 0]
Iteration 990 New: [0, 0, 36, 25, 44, 30, 15, 1] diff:[0, 0, -1, 0, 0, 0, 0, 0]
Iteration 1000 New: [0, 0, 34, 25, 44, 30, 15, 1] diff:[0, 0, 1, 0, 0, 0, 0, 0]
Iteration 1010 New: [0, 0, 39, 25, 44, 30, 13, 0] diff:[0, 0, -1, 0, 0, 0, 0, 0]
Iteration 1020 New: [0, 0, 43, 25, 44, 30, 13, 0] diff:[0, 0, -1, 0, 0, 0, 0, 0]
Iteration 1030 New: [0, 0, 45, 25, 44, 30, 13, 0] diff:[0, 0, -1, 0, 0, 0, 0, 0]
Iteration 1040 New: [0, 0, 46, 25, 44, 30, 12, 0] diff:[0, 0, 1, 0, 0, 0, 0, 0]
Iteration 1050 New: [0, 0, 49, 25, 44, 30, 11, 0] diff:[0, 0, -1, 0, 0, 0, 0, 0]
Iteration 1060 New: [0, 0, 45, 25, 44, 30, 11, 0] diff:[0, 0, -1, 0, 0, 0, 0, 0]
Iteration 1070 New: [0, 0, 49, 25, 44, 30, 11, 0] diff:[0, 0, 1, 0, 0, 0, 0, 0]
Iteration 1080 New: [0, 0, 49, 25, 44, 30, 11, 0] diff:[0, 0, -1, 0, 0, 0, 0, 0]
Iteration 1090 New: [0, 0, 47, 25, 44, 30, 11, 0] diff:[0, 0, 0, -1, 0, 0, 0, 0]
Iteration 1100 New: [0, 0, 49, 25, 44, 30, 11, 0] diff:[0, 0, 1, 0, 0, 0, 0, 0]
Iteration 1110 New: [0, 0, 45, 25, 44, 30, 11, 0] diff:[0, 0, -1, 0, 0, 0, 0, 0]
Iteration 1120 New: [0, 0, 49, 25, 44, 30, 11, 0] diff:[0, 0, -1, 0, 0, 0, 0, 0]
Iteration 1130 New: [0, 0, 52, 26, 44, 30, 11, 0] diff:[0, 0, 1, 0, 0, 0, 0, 0]
Iteration 1140 New: [0, 0, 50, 26, 44, 30, 11, 0] diff:[0, 0, -1, 0, 0, 0, 0, 0]
Iteration 1150 New: [0, 0, 51, 25, 44, 30, 11, 0] diff:[0, 0, -1, 0, 0, 0, 0, 0]
Iteration 1160 New: [0, 0, 51, 25, 44, 30, 11, 0] diff:[0, 0, 1, 0, 0, 0, 0, 0]
Iteration 1170 New: [0, 0, 51, 25, 44, 30, 11, 0] diff:[0, 0, 1, 0, 0, 0, 0, 0]
Iteration 1180 New: [0, 0, 53, 25, 44, 30, 11, 0] diff:[0, 0, 1, 0, 0, 0, 0, 0]
Iteration 1190 New: [0, 0, 51, 25, 44, 30, 11, 0] diff:[0, 0, -1, 0, 0, 0, 0, 0]
Iteration 1200 New: [0, 0, 51, 25, 44, 30, 11, 0] diff:[0, 0, -1, 0, 0, 0, 0, 0]
Iteration 1210 New: [0, 0, 53, 25, 44, 30, 11, 0] diff:[0, 0, 1, 0, 0, 0, 0, 0]
Iteration 1220 New: [0, 0, 53, 25, 44, 30, 11, 0] diff:[0, 0, -1, 0, 0, 0, 0, 0]
Iteration 1230 New: [0, 0, 57, 25, 44, 30, 11, 0] diff:[0, 0, -1, 0, 0, 0, 0, 0]
Iteration 1240 New: [0, 0, 60, 25, 44, 30, 10, 0] diff:[0, 0, -1, 0, 0, 0, 0, 0]
Iteration 1250 New: [0, 0, 57, 24, 44, 30, 10, 0] diff:[0, 0, 1, 0, 0, 0, 0, 0]
Iteration 1260 New: [0, 0, 59, 24, 44, 30, 10, 0] diff:[0, 0, 1, 0, 0, 0, 0, 0]
Iteration 1270 New: [0, 0, 59, 24, 44, 30, 10, 0] diff:[0, 0, 1, 0, 0, 0, 0, 0]
Iteration 1280 New: [0, 0, 59, 24, 44, 30, 10, 0] diff:[0, 0, -1, 0, 0, 0, 0, 0]
Iteration 1290 New: [0, 0, 61, 24, 44, 30, 10, 0] diff:[0, 0, 1, 0, 0, 0, 0, 0]
Iteration 1300 New: [0, 0, 59, 24, 44, 30, 10, 0] diff:[0, 0, -1, 0, 0, 0, 0, 0]
Iteration 1310 New: [0, 0, 64, 24, 44, 30, 7, 0] diff:[0, 0, 0, 0, 0, 0, -1, 0]
Iteration 1320 New: [0, 0, 67, 24, 44, 30, 6, 0] diff:[0, 0, 1, 0, 0, 0, 0, 0]
Iteration 1330 New: [0, 0, 64, 24, 44, 30, 5, 0] diff:[0, 0, 1, 0, 0, 0, 0, 0]
Iteration 1340 New: [0, 0, 66, 24, 44, 30, 5, 0] diff:[0, 0, -1, 0, 0, 0, 0, 0]
Iteration 1350 New: [0, 0, 68, 24, 44, 30, 5, 0] diff:[0, 0, -1, 0, 0, 0, 0, 0]
Iteration 1360 New: [0, 0, 72, 24, 44, 30, 3, 0] diff:[0, 0, 1, 0, 0, 0, 0, 0]
Iteration 1370 New: [0, 0, 78, 24, 44, 30, 3, 0] diff:[0, 0, -1, 0, 0, 0, 0, 0]
Iteration 1380 New: [0, 0, 80, 24, 44, 30, 3, 0] diff:[0, 0, 1, 0, 0, 0, 0, 0]
Iteration 1390 New: [0, 0, 82, 24, 44, 30, 1, 0] diff:[0, 0, 1, 0, 0, 0, 0, 0]
Iteration 1400 New: [0, 0, 85, 24, 44, 30, 0, 0] diff:[0, 0, 1, 0, 0, 0, 0, 0]
Iteration 1410 New: [0, 0, 93, 24, 44, 30, 0, 0] diff:[0, 0, 1, 0, 0, 0, 0, 0]
Iteration 1420 New: [0, 0, 92, 25, 44, 30, 0, 0] diff:[0, 0, -1, 0, 0, 0, 0, 0]
Iteration 1430 New: [0, 0, 93, 26, 44, 30, 0, 0] diff:[0, 0, 1, 0, 0, 0, 0, 0]
Iteration 1440 New: [0, 0, 96, 26, 44, 29, 0, 0] diff:[0, 0, -1, 0, 0, 0, 0, 0]
Iteration 1450 New: [0, 0, 98, 26, 44, 27, 0, 0] diff:[0, 0, -1, 0, 0, 0, 0, 0]
Iteration 1460 New: [0, 0, 106, 26, 44, 27, 0, 0] diff:[0, 0, 1, 0, 0, 0, 0, 0]
Iteration 1470 New: [0, 0, 107, 26, 44, 26, 0, 0] diff:[0, 0, -1, 0, 0, 0, 0, 0]
Iteration 1480 New: [0, 0, 116, 26, 44, 25, 0, 0] diff:[0, 0, 1, 0, 0, 0, 0, 0]
Iteration 1490 New: [0, 0, 122, 26, 44, 25, 0, 0] diff:[0, 0, -1, 0, 0, 0, 0, 0]
Iteration 1500 New: [0, 0, 125, 26, 44, 24, 0, 0] diff:[0, 0, 1, 0, 0, 0, 0, 0]
Iteration 1510 New: [0, 0, 129, 26, 44, 24, 0, 0] diff:[0, 0, 1, 0, 0, 0, 0, 0]
Iteration 1520 New: [0, 0, 127, 26, 44, 24, 0, 0] diff:[0, 0, 1, 0, 0, 0, 0, 0]
Iteration 1530 New: [0, 0, 131, 26, 44, 22, 0, 0] diff:[0, 0, 1, 0, 0, 0, 0, 0]
Iteration 1540 New: [0, 0, 133, 27, 44, 21, 0, 0] diff:[0, 0, 1, 0, 0, 0, 0, 0]
Iteration 1550 New: [0, 0, 137, 27, 44, 21, 0, 0] diff:[0, 0, -1, 0, 0, 0, 0, 0]
Iteration 1560 New: [0, 0, 136, 27, 44, 20, 0, 0] diff:[0, 0, 0, 0, 0, -1, 0, 0]
Iteration 1570 New: [0, 0, 143, 27, 44, 17, 0, 0] diff:[0, 0, 1, 0, 0, 0, 0, 0]
Iteration 1580 New: [0, 0, 150, 27, 44, 16, 0, 0] diff:[0, 0, 1, 0, 0, 0, 0, 0]
Iteration 1590 New: [0, 0, 154, 27, 44, 12, 0, 0] diff:[0, 0, 1, 0, 0, 0, 0, 0]
Iteration 1600 New: [0, 0, 156, 27, 44, 12, 0, 0] diff:[0, 0, 1, 0, 0, 0, 0, 0]
Iteration 1610 New: [0, 0, 160, 27, 44, 12, 0, 0] diff:[0, 0, 1, 0, 0, 0, 0, 0]
Iteration 1620 New: [0, 0, 158, 27, 44, 12, 0, 0] diff:[0, 0, -1, 0, 0, 0, 0, 0]
Iteration 1630 New: [0, 0, 161, 27, 44, 11, 0, 0] diff:[0, 0, 1, 0, 0, 0, 0, 0]
Iteration 1640 New: [0, 0, 167, 27, 44, 11, 0, 0] diff:[0, 0, -1, 0, 0, 0, 0, 0]
Iteration 1650 New: [0, 0, 171, 27, 44, 11, 0, 0] diff:[0, 0, -1, 0, 0, 0, 0, 0]
Iteration 1660 New: [0, 0, 173, 27, 44, 11, 0, 0] diff:[0, 0, 1, 0, 0, 0, 0, 0]
Iteration 1670 New: [0, 0, 180, 27, 44, 10, 0, 0] diff:[0, 0, 1, 0, 0, 0, 0, 0]
Iteration 1680 New: [0, 0, 185, 27, 44, 9, 0, 0] diff:[0, 0, 0, 0, 0, -1, 0, 0]
Iteration 1690 New: [0, 0, 189, 27, 44, 9, 0, 0] diff:[0, 0, -1, 0, 0, 0, 0, 0]
Iteration 1700 New: [0, 0, 192, 27, 44, 8, 0, 0] diff:[0, 0, 1, 0, 0, 0, 0, 0]
Iteration 1710 New: [0, 0, 200, 27, 44, 8, 0, 0] diff:[0, 0, -1, 0, 0, 0, 0, 0]
Iteration 1720 New: [0, 0, 209, 27, 44, 7, 0, 0] diff:[0, 0, 1, 0, 0, 0, 0, 0]
Iteration 1730 New: [0, 0, 215, 28, 44, 6, 0, 0] diff:[0, 0, 1, 0, 0, 0, 0, 0]
Iteration 1740 New: [0, 0, 219, 28, 44, 6, 0, 0] diff:[0, 0, 1, 0, 0, 0, 0, 0]
Iteration 1750 New: [0, 0, 225, 28, 44, 4, 0, 0] diff:[0, 0, 1, 0, 0, 0, 0, 0]
Iteration 1760 New: [0, 0, 234, 28, 44, 3, 0, 0] diff:[0, 0, 1, 0, 0, 0, 0, 0]
Iteration 1770 New: [0, 0, 238, 28, 44, 1, 0, 0] diff:[0, 0, -1, 0, 0, 0, 0, 0]
Iteration 1780 New: [0, 0, 245, 28, 44, 0, 0, 0] diff:[0, 0, 1, 0, 0, 0, 0, 0]
Iteration 1790 New: [0, 0, 249, 28, 44, 0, 0, 0] diff:[0, 0, 1, 0, 0, 0, 0, 0]
Iteration 1800 New: [0, 0, 250, 29, 42, 0, 0, 0] diff:[0, 0, -1, 0, 0, 0, 0, 0]
Iteration 1810 New: [0, 0, 249, 29, 41, 0, 0, 0] diff:[0, 0, -1, 0, 0, 0, 0, 0]
Iteration 1820 New: [0, 0, 251, 29, 41, 0, 0, 0] diff:[0, 0, 1, 0, 0, 0, 0, 0]
Iteration 1830 New: [0, 0, 256, 29, 40, 0, 0, 0] diff:[0, 0, 1, 0, 0, 0, 0, 0]
Iteration 1840 New: [0, 0, 263, 29, 39, 0, 0, 0] diff:[0, 0, 1, 0, 0, 0, 0, 0]
Iteration 1850 New: [0, 0, 267, 29, 37, 0, 0, 0] diff:[0, 0, -1, 0, 0, 0, 0, 0]
Iteration 1860 New: [0, 0, 275, 30, 36, 0, 0, 0] diff:[0, 0, 1, 0, 0, 0, 0, 0]
Iteration 1870 New: [0, 0, 281, 29, 35, 0, 0, 0] diff:[0, 0, 1, 0, 0, 0, 0, 0]
Iteration 1880 New: [0, 0, 288, 29, 34, 0, 0, 0] diff:[0, 0, 1, 0, 0, 0, 0, 0]
Iteration 1890 New: [0, 0, 293, 29, 33, 0, 0, 0] diff:[0, 0, 1, 0, 0, 0, 0, 0]
Iteration 1900 New: [0, 0, 299, 29, 33, 0, 0, 0] diff:[0, 0, 1, 0, 0, 0, 0, 0]
Iteration 1910 New: [0, 0, 302, 29, 30, 0, 0, 0] diff:[0, 0, 1, 0, 0, 0, 0, 0]
Iteration 1920 New: [0, 0, 306, 29, 30, 0, 0, 0] diff:[0, 0, -1, 0, 0, 0, 0, 0]
Iteration 1930 New: [0, 0, 307, 29, 29, 0, 0, 0] diff:[0, 0, 1, 0, 0, 0, 0, 0]
Iteration 1940 New: [0, 0, 313, 29, 29, 0, 0, 0] diff:[0, 0, 1, 0, 0, 0, 0, 0]
Iteration 1950 New: [0, 0, 318, 29, 28, 0, 0, 0] diff:[0, 0, -1, 0, 0, 0, 0, 0]
Iteration 1960 New: [0, 0, 325, 29, 27, 0, 0, 0] diff:[0, 0, 1, 0, 0, 0, 0, 0]
Iteration 1970 New: [0, 0, 330, 29, 26, 0, 0, 0] diff:[0, 0, 1, 0, 0, 0, 0, 0]
Iteration 1980 New: [0, 0, 337, 29, 25, 0, 0, 0] diff:[0, 0, 1, 0, 0, 0, 0, 0]
Iteration 1990 New: [0, 0, 338, 29, 24, 0, 0, 0] diff:[0, 0, -1, 0, 0, 0, 0, 0]
Iteration 2000 New: [0, 0, 343, 29, 23, 0, 0, 0] diff:[0, 0, 1, 0, 0, 0, 0, 0]
Iteration 2010 New: [0, 0, 344, 29, 22, 0, 0, 0] diff:[0, 0, 1, 0, 0, 0, 0, 0]
Iteration 2020 New: [0, 0, 349, 29, 21, 0, 0, 0] diff:[0, 0, 0, 0, -1, 0, 0, 0]
Iteration 2030 New: [0, 0, 355, 29, 21, 0, 0, 0] diff:[0, 0, 1, 0, 0, 0, 0, 0]
Iteration 2040 New: [0, 0, 357, 29, 21, 0, 0, 0] diff:[0, 0, -1, 0, 0, 0, 0, 0]
Iteration 2050 New: [0, 0, 359, 29, 21, 0, 0, 0] diff:[0, 0, 1, 0, 0, 0, 0, 0]
Iteration 2060 New: [0, 0, 367, 29, 19, 0, 0, 0] diff:[0, 0, 1, 0, 0, 0, 0, 0]
Iteration 2070 New: [0, 0, 371, 29, 19, 0, 0, 0] diff:[0, 0, 1, 0, 0, 0, 0, 0]
Iteration 2080 New: [0, 0, 375, 29, 19, 0, 0, 0] diff:[0, 0, 1, 0, 0, 0, 0, 0]
Iteration 2090 New: [0, 0, 378, 29, 18, 0, 0, 0] diff:[0, 0, -1, 0, 0, 0, 0, 0]
Iteration 2100 New: [0, 0, 382, 29, 18, 0, 0, 0] diff:[0, 0, 1, 0, 0, 0, 0, 0]
Iteration 2110 New: [0, 0, 384, 29, 16, 0, 0, 0] diff:[0, 0, -1, 0, 0, 0, 0, 0]
Iteration 2120 New: [0, 0, 393, 29, 15, 0, 0, 0] diff:[0, 0, 1, 0, 0, 0, 0, 0]
Iteration 2130 New: [0, 0, 396, 29, 14, 0, 0, 0] diff:[0, 0, 1, 0, 0, 0, 0, 0]
Iteration 2140 New: [0, 0, 402, 29, 14, 0, 0, 0] diff:[0, 0, -1, 0, 0, 0, 0, 0]
Iteration 2150 New: [0, 0, 411, 29, 13, 0, 0, 0] diff:[0, 0, 1, 0, 0, 0, 0, 0]
Iteration 2160 New: [0, 0, 419, 29, 11, 0, 0, 0] diff:[0, 0, 1, 0, 0, 0, 0, 0]
Iteration 2170 New: [0, 0, 426, 29, 10, 0, 0, 0] diff:[0, 0, -1, 0, 0, 0, 0, 0]
Iteration 2180 New: [0, 0, 433, 29, 7, 0, 0, 0] diff:[0, 0, 1, 0, 0, 0, 0, 0]
Iteration 2190 New: [0, 0, 439, 29, 7, 0, 0, 0] diff:[0, 0, 1, 0, 0, 0, 0, 0]
Iteration 2200 New: [0, 0, 443, 29, 7, 0, 0, 0] diff:[0, 0, 1, 0, 0, 0, 0, 0]
Iteration 2210 New: [0, 0, 446, 29, 6, 0, 0, 0] diff:[0, 0, -1, 0, 0, 0, 0, 0]
Iteration 2220 New: [0, 0, 450, 29, 4, 0, 0, 0] diff:[0, 0, 1, 0, 0, 0, 0, 0]
Iteration 2230 New: [0, 0, 458, 29, 4, 0, 0, 0] diff:[0, 0, 1, 0, 0, 0, 0, 0]
Iteration 2240 New: [0, 0, 467, 29, 3, 0, 0, 0] diff:[0, 0, 1, 0, 0, 0, 0, 0]
Iteration 2250 New: [0, 0, 473, 29, 1, 0, 0, 0] diff:[0, 0, 1, 0, 0, 0, 0, 0]
Iteration 2260 New: [0, 0, 480, 29, 0, 0, 0, 0] diff:[0, 0, 1, 0, 0, 0, 0, 0]
Iteration 2270 New: [0, 0, 483, 28, 0, 0, 0, 0] diff:[0, 0, -1, 0, 0, 0, 0, 0]
Iteration 2280 New: [0, 0, 488, 27, 0, 0, 0, 0] diff:[0, 0, 1, 0, 0, 0, 0, 0]
Iteration 2290 New: [0, 0, 491, 26, 0, 0, 0, 0] diff:[0, 0, -1, 0, 0, 0, 0, 0]
Iteration 2300 New: [0, 0, 497, 24, 0, 0, 0, 0] diff:[0, 0, 1, 0, 0, 0, 0, 0]
Iteration 2310 New: [0, 0, 503, 22, 0, 0, 0, 0] diff:[0, 0, 1, 0, 0, 0, 0, 0]
Iteration 2320 New: [0, 0, 509, 20, 0, 0, 0, 0] diff:[0, 0, -1, 0, 0, 0, 0, 0]
Iteration 2330 New: [0, 0, 514, 19, 0, 0, 0, 0] diff:[0, 0, 1, 0, 0, 0, 0, 0]
Iteration 2340 New: [0, 0, 519, 18, 0, 0, 0, 0] diff:[0, 0, 1, 0, 0, 0, 0, 0]
Iteration 2350 New: [0, 0, 521, 16, 0, 0, 0, 0] diff:[0, 0, 1, 0, 0, 0, 0, 0]
Iteration 2360 New: [0, 0, 528, 15, 0, 0, 0, 0] diff:[0, 0, 1, 0, 0, 0, 0, 0]
Iteration 2370 New: [0, 0, 533, 12, 0, 0, 0, 0] diff:[0, 0, 1, 0, 0, 0, 0, 0]
Iteration 2380 New: [0, 0, 538, 11, 0, 0, 0, 0] diff:[0, 0, -1, 0, 0, 0, 0, 0]
Iteration 2390 New: [0, 0, 544, 9, 0, 0, 0, 0] diff:[0, 0, 1, 0, 0, 0, 0, 0]
Iteration 2400 New: [0, 0, 548, 9, 0, 0, 0, 0] diff:[0, 0, 1, 0, 0, 0, 0, 0]
Iteration 2410 New: [0, 0, 550, 9, 0, 0, 0, 0] diff:[0, 0, 1, 0, 0, 0, 0, 0]
Iteration 2420 New: [0, 0, 557, 8, 0, 0, 0, 0] diff:[0, 0, 1, 0, 0, 0, 0, 0]
Iteration 2430 New: [0, 0, 561, 6, 0, 0, 0, 0] diff:[0, 0, 1, 0, 0, 0, 0, 0]
Iteration 2440 New: [0, 0, 564, 5, 0, 0, 0, 0] diff:[0, 0, -1, 0, 0, 0, 0, 0]
Iteration 2450 New: [0, 0, 567, 2, 0, 0, 0, 0] diff:[0, 0, 1, 0, 0, 0, 0, 0]
Iteration 2460 New: [0, 0, 573, 0, 0, 0, 0, 0] diff:[0, 0, 1, 0, 0, 0, 0, 0]
Iteration 2470 New: [0, 0, 575, 0, 0, 0, 0, 0] diff:[0, 0, 1, 0, 0, 0, 0, 0]
Iteration 2480 New: [0, 0, 575, 0, 0, 0, 0, 0] diff:[0, 0, -1, 0, 0, 0, 0, 0]
Iteration 2490 New: [0, 0, 575, 0, 0, 0, 0, 0] diff:[0, 0, -1, 0, 0, 0, 0, 0]
Iteration 2500 New: [0, 0, 575, 0, 0, 0, 0, 0] diff:[0, 0, 1, 0, 0, 0, 0, 0]
Iteration 2510 New: [0, 0, 573, 0, 0, 0, 0, 0] diff:[0, 0, -1, 0, 0, 0, 0, 0]
Iteration 2520 New: [0, 0, 575, 0, 0, 0, 0, 0] diff:[0, 0, 1, 0, 0, 0, 0, 0]
Iteration 2530 New: [0, 0, 577, 0, 0, 0, 0, 0] diff:[0, 0, -1, 0, 0, 0, 0, 0]
Iteration 2540 New: [0, 0, 575, 0, 0, 0, 0, 0] diff:[0, 0, -1, 0, 0, 0, 0, 0]
Iteration 2550 New: [0, 0, 573, 0, 0, 0, 0, 0] diff:[0, 0, -1, 0, 0, 0, 0, 0]
Iteration 2560 New: [0, 0, 577, 0, 0, 0, 0, 0] diff:[0, 0, 1, 0, 0, 0, 0, 0]
Iteration 2570 New: [0, 0, 575, 0, 0, 0, 0, 0] diff:[0, 0, -1, 0, 0, 0, 0, 0]
Iteration 2580 New: [0, 0, 577, 0, 0, 0, 0, 0] diff:[0, 0, 1, 0, 0, 0, 0, 0]
Iteration 2590 New: [0, 0, 577, 0, 0, 0, 0, 0] diff:[0, 0, 1, 0, 0, 0, 0, 0]
Iteration 2600 New: [0, 0, 581, 0, 0, 0, 0, 0] diff:[0, 0, -1, 0, 0, 0, 0, 0]
Iteration 2610 New: [0, 0, 579, 0, 0, 0, 0, 0] diff:[0, 0, 1, 0, 0, 0, 0, 0]
Iteration 2620 New: [0, 0, 579, 0, 0, 0, 0, 0] diff:[0, 0, 1, 0, 0, 0, 0, 0]
Iteration 2630 New: [0, 0, 577, 0, 0, 0, 0, 0] diff:[0, 0, -1, 0, 0, 0, 0, 0]
Iteration 2640 New: [0, 0, 577, 0, 0, 0, 0, 0] diff:[0, 0, -1, 0, 0, 0, 0, 0]
Iteration 2650 New: [0, 0, 577, 0, 0, 0, 0, 0] diff:[0, 0, -1, 0, 0, 0, 0, 0]
Iteration 2660 New: [0, 0, 575, 0, 0, 0, 0, 0] diff:[0, 0, 1, 0, 0, 0, 0, 0]
Iteration 2670 New: [0, 0, 575, 0, 0, 0, 0, 0] diff:[0, 0, -1, 0, 0, 0, 0, 0]
Iteration 2680 New: [0, 0, 573, 0, 0, 0, 0, 0] diff:[0, 0, -1, 0, 0, 0, 0, 0]
Iteration 2690 New: [0, 0, 575, 0, 0, 0, 0, 0] diff:[0, 0, -1, 0, 0, 0, 0, 0]
Iteration 2700 New: [0, 0, 573, 0, 0, 0, 0, 0] diff:[0, 0, -1, 0, 0, 0, 0, 0]
Iteration 2710 New: [0, 0, 573, 0, 0, 0, 0, 0] diff:[0, 0, -1, 0, 0, 0, 0, 0]
Iteration 2720 New: [0, 0, 577, 0, 0, 0, 0, 0] diff:[0, 0, 1, 0, 0, 0, 0, 0]
Iteration 2730 New: [0, 0, 575, 0, 0, 0, 0, 0] diff:[0, 0, 1, 0, 0, 0, 0, 0]
Iteration 2740 New: [0, 0, 575, 0, 0, 0, 0, 0] diff:[0, 0, 1, 0, 0, 0, 0, 0]
Iteration 2750 New: [0, 0, 575, 0, 0, 0, 0, 0] diff:[0, 0, 1, 0, 0, 0, 0, 0]
Iteration 2760 New: [0, 0, 577, 0, 0, 0, 0, 0] diff:[0, 0, -1, 0, 0, 0, 0, 0]
Iteration 2770 New: [0, 0, 579, 0, 0, 0, 0, 0] diff:[0, 0, -1, 0, 0, 0, 0, 0]
Iteration 2780 New: [0, 0, 575, 0, 0, 0, 0, 0] diff:[0, 0, 1, 0, 0, 0, 0, 0]
Iteration 2790 New: [0, 0, 577, 0, 0, 0, 0, 0] diff:[0, 0, 1, 0, 0, 0, 0, 0]
Iteration 2800 New: [0, 0, 575, 0, 0, 0, 0, 0] diff:[0, 0, 1, 0, 0, 0, 0, 0]
Iteration 2810 New: [0, 0, 575, 0, 0, 0, 0, 0] diff:[0, 0, -1, 0, 0, 0, 0, 0]
Iteration 2820 New: [0, 0, 573, 0, 0, 0, 0, 0] diff:[0, 0, -1, 0, 0, 0, 0, 0]
Iteration 2830 New: [0, 0, 575, 0, 0, 0, 0, 0] diff:[0, 0, 1, 0, 0, 0, 0, 0]
Iteration 2840 New: [0, 0, 575, 0, 0, 0, 0, 0] diff:[0, 0, 1, 0, 0, 0, 0, 0]
Iteration 2850 New: [0, 0, 581, 0, 0, 0, 0, 0] diff:[0, 0, 1, 0, 0, 0, 0, 0]
Iteration 2860 New: [0, 0, 575, 0, 0, 0, 0, 0] diff:[0, 0, 1, 0, 0, 0, 0, 0]
Iteration 2870 New: [0, 0, 575, 0, 0, 0, 0, 0] diff:[0, 0, 1, 0, 0, 0, 0, 0]
Iteration 2880 New: [0, 0, 575, 0, 0, 0, 0, 0] diff:[0, 0, -1, 0, 0, 0, 0, 0]
Iteration 2890 New: [0, 0, 575, 0, 0, 0, 0, 0] diff:[0, 0, 1, 0, 0, 0, 0, 0]
Iteration 2900 New: [0, 0, 577, 0, 0, 0, 0, 0] diff:[0, 0, -1, 0, 0, 0, 0, 0]
Iteration 2910 New: [0, 0, 575, 0, 0, 0, 0, 0] diff:[0, 0, -1, 0, 0, 0, 0, 0]
Iteration 2920 New: [0, 0, 571, 0, 0, 0, 0, 0] diff:[0, 0, -1, 0, 0, 0, 0, 0]
Iteration 2930 New: [0, 0, 579, 0, 0, 0, 0, 0] diff:[0, 0, 1, 0, 0, 0, 0, 0]
Iteration 2940 New: [0, 0, 577, 0, 0, 0, 0, 0] diff:[0, 0, -1, 0, 0, 0, 0, 0]
Iteration 2950 New: [0, 0, 577, 0, 0, 0, 0, 0] diff:[0, 0, 1, 0, 0, 0, 0, 0]
Iteration 2960 New: [0, 0, 575, 0, 0, 0, 0, 0] diff:[0, 0, 1, 0, 0, 0, 0, 0]
Iteration 2970 New: [0, 0, 575, 0, 0, 0, 0, 0] diff:[0, 0, -1, 0, 0, 0, 0, 0]
Iteration 2980 New: [0, 0, 573, 0, 0, 0, 0, 0] diff:[0, 0, 1, 0, 0, 0, 0, 0]
Iteration 2990 New: [0, 0, 573, 0, 0, 0, 0, 0] diff:[0, 0, 1, 0, 0, 0, 0, 0]
Iteration 3000 New: [0, 0, 573, 0, 0, 0, 0, 0] diff:[0, 0, 1, 0, 0, 0, 0, 0]
Auto-stopped algorithm at 3001th iteration

A target 10000 more iterations took 20491305198 ns.
Total iterations 3001
Total algorithm runtime 20491305198 ns
  or 20491.305198 ms