game_thrones.gt
Iteration 10 New: [0, 0, 27, 24, 44, 30, 15, 1] diff:[0, 0, 1, 0, 0, 0, 0, 0]
Iteration 20 New: [0, 0, 31, 24, 44, 30, 15, 1] diff:[0, 0, 1, 0, 0, 0, 0, 0]
Iteration 30 New: [0, 0, 32, 25, 44, 30, 15, 1] diff:[0, 0, 1, 0, 0, 0, 0, 0]
Iteration 40 New: [0, 0, 26, 25, 44, 30, 15, 1] diff:[0, 0, -1, 0, 0, 0, 0, 0]
Iteration 50 New: [0, 0, 26, 25, 44, 30, 15, 1] diff:[0, 0, -1, 0, 0, 0, 0, 0]
Iteration 60 New: [0, 0, 27, 24, 44, 30, 15, 1] diff:[0, 0, 1, 0, 0, 0, 0, 0]
Iteration 70 New: [0, 0, 32, 25, 44, 30, 15, 1] diff:[0, 0, 1, 0, 0, 0, 0, 0]
Iteration 80 New: [0, 0, 32, 25, 44, 30, 15, 1] diff:[0, 0, 1, 0, 0, 0, 0, 0]
Iteration 90 New: [0, 0, 36, 25, 44, 30, 15, 1] diff:[0, 0, 1, 0, 0, 0, 0, 0]
Iteration 100 New: [0, 0, 31, 24, 44, 30, 15, 1] diff:[0, 0, 1, 0, 0, 0, 0, 0]
Iteration 110 New: [0, 0, 33, 24, 44, 30, 15, 1] diff:[0, 0, -1, 0, 0, 0, 0, 0]
Iteration 120 New: [0, 0, 34, 25, 44, 30, 15, 1] diff:[0, 0, 1, 0, 0, 0, 0, 0]
Iteration 130 New: [0, 0, 32, 25, 44, 30, 15, 1] diff:[0, 0, -1, 0, 0, 0, 0, 0]
Iteration 140 New: [0, 0, 33, 24, 44, 30, 15, 1] diff:[0, 0, 1, 0, 0, 0, 0, 0]
Iteration 150 New: [0, 0, 33, 24, 44, 30, 15, 1] diff:[0, 0, 1, 0, 0, 0, 0, 0]
Iteration 160 New: [0, 0, 29, 24, 44, 30, 15, 1] diff:[0, 0, -1, 0, 0, 0, 0, 0]
Iteration 170 New: [0, 0, 31, 24, 44, 30, 15, 1] diff:[0, 0, 1, 0, 0, 0, 0, 0]
Iteration 180 New: [0, 0, 29, 24, 44, 30, 15, 1] diff:[0, 0, 1, 0, 0, 0, 0, 0]
Iteration 190 New: [0, 0, 35, 24, 44, 30, 15, 1] diff:[0, 0, 1, 0, 0, 0, 0, 0]
Iteration 200 New: [0, 0, 33, 24, 44, 30, 15, 1] diff:[0, 0, -1, 0, 0, 0, 0, 0]
Iteration 210 New: [0, 0, 33, 24, 44, 30, 15, 1] diff:[0, 0, -1, 0, 0, 0, 0, 0]
Iteration 220 New: [0, 0, 31, 24, 44, 30, 15, 1] diff:[0, 0, 1, 0, 0, 0, 0, 0]
Iteration 230 New: [0, 0, 35, 24, 44, 30, 15, 1] diff:[0, 0, 1, 0, 0, 0, 0, 0]
Iteration 240 New: [0, 0, 34, 25, 44, 30, 15, 1] diff:[0, 0, -1, 0, 0, 0, 0, 0]
Iteration 250 New: [0, 0, 35, 24, 44, 30, 15, 1] diff:[0, 0, 0, -1, 0, 0, 0, 0]
Iteration 260 New: [0, 0, 37, 24, 44, 30, 15, 1] diff:[0, 0, 1, 0, 0, 0, 0, 0]
Iteration 270 New: [0, 0, 40, 25, 44, 30, 15, 1] diff:[0, 0, 1, 0, 0, 0, 0, 0]
Iteration 280 New: [0, 0, 38, 25, 44, 30, 15, 1] diff:[0, 0, -1, 0, 0, 0, 0, 0]
Iteration 290 New: [0, 0, 36, 25, 44, 30, 15, 1] diff:[0, 0, 1, 0, 0, 0, 0, 0]
Iteration 300 New: [0, 0, 36, 25, 44, 30, 15, 1] diff:[0, 0, 1, 0, 0, 0, 0, 0]
Iteration 310 New: [0, 0, 37, 25, 45, 30, 15, 1] diff:[0, 0, -1, 0, 0, 0, 0, 0]
Iteration 320 New: [0, 0, 33, 25, 45, 30, 15, 1] diff:[0, 0, -1, 0, 0, 0, 0, 0]
Iteration 330 New: [0, 0, 36, 24, 45, 30, 15, 1] diff:[0, 0, 1, 0, 0, 0, 0, 0]
Iteration 340 New: [0, 0, 34, 24, 45, 30, 15, 1] diff:[0, 0, -1, 0, 0, 0, 0, 0]
Iteration 350 New: [0, 0, 38, 24, 45, 30, 14, 0] diff:[0, 0, 1, 0, 0, 0, 0, 0]
Iteration 360 New: [0, 0, 44, 24, 45, 30, 14, 0] diff:[0, 0, 1, 0, 0, 0, 0, 0]
Iteration 370 New: [0, 0, 46, 24, 45, 30, 14, 0] diff:[0, 0, 1, 0, 0, 0, 0, 0]
Iteration 380 New: [0, 0, 48, 25, 45, 30, 13, 0] diff:[0, 0, 1, 0, 0, 0, 0, 0]
Iteration 390 New: [0, 0, 51, 26, 45, 30, 13, 0] diff:[0, 0, 1, 0, 0, 0, 0, 0]
Iteration 400 New: [0, 0, 52, 25, 45, 30, 13, 0] diff:[0, 0, -1, 0, 0, 0, 0, 0]
Iteration 410 New: [0, 0, 56, 25, 45, 30, 13, 0] diff:[0, 0, 1, 0, 0, 0, 0, 0]
Iteration 420 New: [0, 0, 53, 24, 45, 30, 13, 0] diff:[0, 0, -1, 0, 0, 0, 0, 0]
Iteration 430 New: [0, 0, 55, 24, 45, 30, 11, 0] diff:[0, 0, -1, 0, 0, 0, 0, 0]
Iteration 440 New: [0, 0, 53, 24, 45, 30, 11, 0] diff:[0, 0, -1, 0, 0, 0, 0, 0]
Iteration 450 New: [0, 0, 57, 24, 45, 30, 11, 0] diff:[0, 0, 1, 0, 0, 0, 0, 0]
Iteration 460 New: [0, 0, 59, 24, 45, 30, 11, 0] diff:[0, 0, 1, 0, 0, 0, 0, 0]
Iteration 470 New: [0, 0, 57, 24, 45, 30, 11, 0] diff:[0, 0, -1, 0, 0, 0, 0, 0]
Iteration 480 New: [0, 0, 59, 24, 45, 30, 11, 0] diff:[0, 0, -1, 0, 0, 0, 0, 0]
Iteration 490 New: [0, 0, 61, 24, 45, 30, 11, 0] diff:[0, 0, 1, 0, 0, 0, 0, 0]
Iteration 500 New: [0, 0, 64, 25, 45, 30, 11, 0] diff:[0, 0, -1, 0, 0, 0, 0, 0]
Iteration 510 New: [0, 0, 65, 25, 45, 30, 10, 0] diff:[0, 0, 1, 0, 0, 0, 0, 0]
Iteration 520 New: [0, 0, 65, 25, 45, 30, 10, 0] diff:[0, 0, -1, 0, 0, 0, 0, 0]
Iteration 530 New: [0, 0, 64, 25, 44, 30, 10, 0] diff:[0, 0, -1, 0, 0, 0, 0, 0]
Iteration 540 New: [0, 0, 64, 25, 44, 30, 10, 0] diff:[0, 0, -1, 0, 0, 0, 0, 0]
Iteration 550 New: [0, 0, 63, 25, 44, 30, 9, 0] diff:[0, 0, 1, 0, 0, 0, 0, 0]
Iteration 560 New: [0, 0, 65, 25, 44, 30, 7, 0] diff:[0, 0, 1, 0, 0, 0, 0, 0]
Iteration 570 New: [0, 0, 67, 25, 44, 30, 5, 0] diff:[0, 0, 0, 0, 0, 0, -1, 0]
Iteration 580 New: [0, 0, 73, 25, 44, 30, 5, 0] diff:[0, 0, 1, 0, 0, 0, 0, 0]
Iteration 590 New: [0, 0, 75, 25, 44, 30, 5, 0] diff:[0, 0, 1, 0, 0, 0, 0, 0]
Iteration 600 New: [0, 0, 75, 25, 44, 30, 5, 0] diff:[0, 0, 1, 0, 0, 0, 0, 0]
Iteration 610 New: [0, 0, 73, 25, 44, 30, 5, 0] diff:[0, 0, -1, 0, 0, 0, 0, 0]
Iteration 620 New: [0, 0, 77, 25, 44, 30, 5, 0] diff:[0, 0, 1, 0, 0, 0, 0, 0]
Iteration 630 New: [0, 0, 81, 25, 44, 30, 3, 0] diff:[0, 0, 1, 0, 0, 0, 0, 0]
Iteration 640 New: [0, 0, 87, 25, 44, 30, 3, 0] diff:[0, 0, 1, 0, 0, 0, 0, 0]
Iteration 650 New: [0, 0, 89, 25, 44, 30, 3, 0] diff:[0, 0, 1, 0, 0, 0, 0, 0]
Iteration 660 New: [0, 0, 93, 25, 44, 30, 3, 0] diff:[0, 0, 1, 0, 0, 0, 0, 0]
Iteration 670 New: [0, 0, 91, 25, 44, 30, 3, 0] diff:[0, 0, 1, 0, 0, 0, 0, 0]
Iteration 680 New: [0, 0, 91, 25, 44, 30, 3, 0] diff:[0, 0, 1, 0, 0, 0, 0, 0]
Iteration 690 New: [0, 0, 91, 25, 44, 30, 3, 0] diff:[0, 0, -1, 0, 0, 0, 0, 0]
Iteration 700 New: [0, 0, 91, 25, 44, 30, 3, 0] diff:[0, 0, 1, 0, 0, 0, 0, 0]
Iteration 710 New: [0, 0, 95, 25, 44, 30, 1, 0] diff:[0, 0, -1, 0, 0, 0, 0, 0]
Iteration 720 New: [0, 0, 93, 25, 44, 30, 1, 0] diff:[0, 0, -1, 0, 0, 0, 0, 0]
Iteration 730 New: [0, 0, 95, 25, 44, 30, 1, 0] diff:[0, 0, -1, 0, 0, 0, 0, 0]
Iteration 740 New: [0, 0, 97, 25, 44, 30, 1, 0] diff:[0, 0, 1, 0, 0, 0, 0, 0]
Iteration 750 New: [0, 0, 93, 25, 44, 30, 1, 0] diff:[0, 0, -1, 0, 0, 0, 0, 0]
Iteration 760 New: [0, 0, 93, 25, 44, 30, 1, 0] diff:[0, 0, -1, 0, 0, 0, 0, 0]
Iteration 770 New: [0, 0, 95, 25, 44, 30, 1, 0] diff:[0, 0, -1, 0, 0, 0, 0, 0]
Iteration 780 New: [0, 0, 102, 25, 44, 30, 0, 0] diff:[0, 0, 1, 0, 0, 0, 0, 0]
Iteration 790 New: [0, 0, 102, 25, 44, 30, 0, 0] diff:[0, 0, -1, 0, 0, 0, 0, 0]
Iteration 800 New: [0, 0, 102, 25, 44, 30, 0, 0] diff:[0, 0, 1, 0, 0, 0, 0, 0]
Iteration 810 New: [0, 0, 106, 25, 44, 30, 0, 0] diff:[0, 0, 1, 0, 0, 0, 0, 0]
Iteration 820 New: [0, 0, 102, 25, 44, 30, 0, 0] diff:[0, 0, -1, 0, 0, 0, 0, 0]
Iteration 830 New: [0, 0, 104, 25, 44, 30, 0, 0] diff:[0, 0, 1, 0, 0, 0, 0, 0]
Iteration 840 New: [0, 0, 104, 25, 44, 30, 0, 0] diff:[0, 0, 1, 0, 0, 0, 0, 0]
Iteration 850 New: [0, 0, 108, 25, 44, 30, 0, 0] diff:[0, 0, 1, 0, 0, 0, 0, 0]
Iteration 860 New: [0, 0, 114, 25, 44, 30, 0, 0] diff:[0, 0, 1, 0, 0, 0, 0, 0]
Iteration 870 New: [0, 0, 115, 25, 44, 29, 0, 0] diff:[0, 0, -1, 0, 0, 0, 0, 0]
Iteration 880 New: [0, 0, 121, 25, 44, 29, 0, 0] diff:[0, 0, 1, 0, 0, 0, 0, 0]
Iteration 890 New: [0, 0, 120, 25, 44, 28, 0, 0] diff:[0, 0, -1, 0, 0, 0, 0, 0]
Iteration 900 New: [0, 0, 125, 25, 44, 27, 0, 0] diff:[0, 0, 0, 0, 0, -1, 0, 0]
Iteration 910 New: [0, 0, 128, 25, 44, 26, 0, 0] diff:[0, 0, -1, 0, 0, 0, 0, 0]
Iteration 920 New: [0, 0, 132, 25, 44, 26, 0, 0] diff:[0, 0, 1, 0, 0, 0, 0, 0]
Iteration 930 New: [0, 0, 132, 25, 44, 26, 0, 0] diff:[0, 0, -1, 0, 0, 0, 0, 0]
Iteration 940 New: [0, 0, 133, 26, 44, 26, 0, 0] diff:[0, 0, 1, 0, 0, 0, 0, 0]
Iteration 950 New: [0, 0, 135, 26, 44, 26, 0, 0] diff:[0, 0, 1, 0, 0, 0, 0, 0]
Iteration 960 New: [0, 0, 135, 26, 45, 25, 0, 0] diff:[0, 0, 0, 0, 0, -1, 0, 0]
Iteration 970 New: [0, 0, 139, 26, 45, 25, 0, 0] diff:[0, 0, 1, 0, 0, 0, 0, 0]
Iteration 980 New: [0, 0, 143, 26, 45, 25, 0, 0] diff:[0, 0, 1, 0, 0, 0, 0, 0]
Iteration 990 New: [0, 0, 144, 26, 45, 24, 0, 0] diff:[0, 0, -1, 0, 0, 0, 0, 0]
Iteration 1000 New: [0, 0, 147, 25, 45, 24, 0, 0] diff:[0, 0, -1, 0, 0, 0, 0, 0]
Auto-stopped algorithm at 1001th iteration

A target 10000 more iterations took 8730389873 ns.
Total iterations 1001
Total algorithm runtime 8730389873 ns
  or 8730.389873 ms