wiki_science.gt
Iteration 10 New: [0, 0, 131, 223, 263, 229, 264, 283, 312, 289, 196, 235, 161, 136, 124, 96, 43, 39, 24, 8, 30, 14, 4, 4, 1, 24, 1] diff:[0, 0, 1, 0, 0, 0, 0, 0, 0, 0, 0, 0, 0, 0, 0, 0, 0, 0, 0, 0, 0, 0, 0, 0, 0, 0, 0]
Iteration 20 New: [0, 0, 137, 223, 263, 229, 264, 283, 312, 289, 196, 235, 161, 136, 124, 96, 43, 39, 24, 8, 30, 14, 4, 4, 1, 24, 1] diff:[0, 0, 1, 0, 0, 0, 0, 0, 0, 0, 0, 0, 0, 0, 0, 0, 0, 0, 0, 0, 0, 0, 0, 0, 0, 0, 0]
Iteration 30 New: [0, 0, 145, 223, 263, 229, 264, 283, 312, 289, 196, 235, 161, 136, 124, 96, 43, 39, 24, 8, 30, 14, 4, 4, 1, 24, 1] diff:[0, 0, -1, 0, 0, 0, 0, 0, 0, 0, 0, 0, 0, 0, 0, 0, 0, 0, 0, 0, 0, 0, 0, 0, 0, 0, 0]
Iteration 40 New: [0, 0, 153, 223, 263, 229, 264, 283, 312, 289, 196, 235, 161, 136, 124, 96, 43, 39, 24, 8, 30, 14, 4, 4, 1, 24, 1] diff:[0, 0, 1, 0, 0, 0, 0, 0, 0, 0, 0, 0, 0, 0, 0, 0, 0, 0, 0, 0, 0, 0, 0, 0, 0, 0, 0]
Iteration 50 New: [0, 0, 161, 223, 263, 229, 264, 283, 312, 289, 196, 235, 161, 136, 124, 96, 43, 39, 24, 8, 30, 14, 4, 4, 1, 24, 1] diff:[0, 0, 1, 0, 0, 0, 0, 0, 0, 0, 0, 0, 0, 0, 0, 0, 0, 0, 0, 0, 0, 0, 0, 0, 0, 0, 0]
Iteration 60 New: [0, 0, 169, 223, 263, 229, 264, 283, 312, 289, 196, 235, 161, 136, 124, 96, 43, 39, 24, 8, 30, 14, 4, 4, 1, 24, 1] diff:[0, 0, 1, 0, 0, 0, 0, 0, 0, 0, 0, 0, 0, 0, 0, 0, 0, 0, 0, 0, 0, 0, 0, 0, 0, 0, 0]
Iteration 70 New: [0, 0, 173, 223, 263, 229, 264, 283, 312, 289, 196, 235, 161, 136, 124, 96, 43, 39, 24, 8, 30, 14, 4, 4, 1, 24, 1] diff:[0, 0, -1, 0, 0, 0, 0, 0, 0, 0, 0, 0, 0, 0, 0, 0, 0, 0, 0, 0, 0, 0, 0, 0, 0, 0, 0]
Iteration 80 New: [0, 0, 179, 223, 263, 229, 264, 283, 312, 289, 196, 235, 161, 136, 124, 96, 43, 39, 24, 8, 30, 14, 4, 4, 1, 24, 1] diff:[0, 0, -1, 0, 0, 0, 0, 0, 0, 0, 0, 0, 0, 0, 0, 0, 0, 0, 0, 0, 0, 0, 0, 0, 0, 0, 0]
Iteration 90 New: [0, 0, 183, 223, 263, 229, 264, 283, 312, 289, 196, 235, 161, 136, 124, 96, 43, 39, 24, 8, 30, 14, 4, 4, 1, 24, 1] diff:[0, 0, -1, 0, 0, 0, 0, 0, 0, 0, 0, 0, 0, 0, 0, 0, 0, 0, 0, 0, 0, 0, 0, 0, 0, 0, 0]
Iteration 100 New: [0, 0, 189, 223, 263, 229, 264, 283, 312, 289, 196, 235, 161, 136, 124, 96, 43, 39, 24, 8, 30, 14, 4, 4, 1, 24, 1] diff:[0, 0, -1, 0, 0, 0, 0, 0, 0, 0, 0, 0, 0, 0, 0, 0, 0, 0, 0, 0, 0, 0, 0, 0, 0, 0, 0]
Iteration 110 New: [0, 0, 189, 223, 263, 229, 264, 283, 312, 289, 196, 235, 161, 136, 124, 96, 43, 39, 24, 8, 30, 14, 4, 4, 1, 24, 1] diff:[0, 0, 1, 0, 0, 0, 0, 0, 0, 0, 0, 0, 0, 0, 0, 0, 0, 0, 0, 0, 0, 0, 0, 0, 0, 0, 0]
Iteration 120 New: [0, 0, 183, 223, 263, 229, 264, 283, 312, 289, 196, 235, 161, 136, 124, 96, 43, 39, 24, 8, 30, 14, 4, 4, 1, 24, 1] diff:[0, 0, -1, 0, 0, 0, 0, 0, 0, 0, 0, 0, 0, 0, 0, 0, 0, 0, 0, 0, 0, 0, 0, 0, 0, 0, 0]
Iteration 130 New: [0, 0, 185, 223, 263, 229, 264, 283, 312, 289, 196, 235, 161, 136, 124, 96, 43, 39, 24, 8, 30, 14, 4, 4, 1, 24, 1] diff:[0, 0, 1, 0, 0, 0, 0, 0, 0, 0, 0, 0, 0, 0, 0, 0, 0, 0, 0, 0, 0, 0, 0, 0, 0, 0, 0]
Iteration 140 New: [0, 0, 185, 223, 263, 229, 264, 283, 312, 289, 196, 235, 161, 136, 124, 96, 43, 39, 24, 8, 30, 14, 4, 4, 1, 24, 1] diff:[0, 0, 1, 0, 0, 0, 0, 0, 0, 0, 0, 0, 0, 0, 0, 0, 0, 0, 0, 0, 0, 0, 0, 0, 0, 0, 0]
Iteration 150 New: [0, 0, 191, 223, 263, 229, 264, 283, 312, 289, 196, 235, 161, 136, 124, 96, 43, 39, 24, 8, 30, 14, 4, 4, 1, 24, 1] diff:[0, 0, 1, 0, 0, 0, 0, 0, 0, 0, 0, 0, 0, 0, 0, 0, 0, 0, 0, 0, 0, 0, 0, 0, 0, 0, 0]
Iteration 160 New: [0, 0, 193, 223, 263, 229, 264, 283, 312, 289, 196, 235, 161, 136, 124, 96, 43, 39, 24, 8, 30, 14, 4, 4, 1, 24, 1] diff:[0, 0, 1, 0, 0, 0, 0, 0, 0, 0, 0, 0, 0, 0, 0, 0, 0, 0, 0, 0, 0, 0, 0, 0, 0, 0, 0]
Iteration 170 New: [0, 0, 195, 223, 263, 229, 264, 283, 312, 289, 196, 235, 161, 136, 124, 96, 43, 39, 24, 8, 30, 14, 4, 4, 1, 24, 1] diff:[0, 0, 1, 0, 0, 0, 0, 0, 0, 0, 0, 0, 0, 0, 0, 0, 0, 0, 0, 0, 0, 0, 0, 0, 0, 0, 0]
Iteration 180 New: [0, 0, 197, 223, 263, 229, 264, 283, 312, 289, 196, 235, 161, 136, 124, 96, 43, 39, 24, 8, 30, 14, 4, 4, 1, 24, 1] diff:[0, 0, -1, 0, 0, 0, 0, 0, 0, 0, 0, 0, 0, 0, 0, 0, 0, 0, 0, 0, 0, 0, 0, 0, 0, 0, 0]
Iteration 190 New: [0, 0, 205, 223, 263, 229, 264, 283, 312, 289, 196, 235, 161, 136, 124, 96, 43, 39, 24, 8, 30, 14, 4, 4, 1, 24, 1] diff:[0, 0, 1, 0, 0, 0, 0, 0, 0, 0, 0, 0, 0, 0, 0, 0, 0, 0, 0, 0, 0, 0, 0, 0, 0, 0, 0]
Iteration 200 New: [0, 0, 207, 223, 263, 229, 264, 283, 312, 289, 196, 235, 161, 136, 124, 96, 43, 39, 24, 8, 30, 14, 4, 4, 1, 24, 1] diff:[0, 0, 1, 0, 0, 0, 0, 0, 0, 0, 0, 0, 0, 0, 0, 0, 0, 0, 0, 0, 0, 0, 0, 0, 0, 0, 0]
Iteration 210 New: [0, 0, 211, 223, 263, 229, 264, 283, 312, 289, 196, 235, 161, 136, 124, 96, 43, 39, 24, 8, 30, 14, 4, 4, 1, 24, 1] diff:[0, 0, 1, 0, 0, 0, 0, 0, 0, 0, 0, 0, 0, 0, 0, 0, 0, 0, 0, 0, 0, 0, 0, 0, 0, 0, 0]
Iteration 220 New: [0, 0, 215, 223, 263, 229, 264, 283, 312, 289, 196, 235, 161, 136, 124, 96, 43, 39, 24, 8, 30, 14, 4, 4, 1, 24, 1] diff:[0, 0, -1, 0, 0, 0, 0, 0, 0, 0, 0, 0, 0, 0, 0, 0, 0, 0, 0, 0, 0, 0, 0, 0, 0, 0, 0]
Iteration 230 New: [0, 0, 219, 223, 263, 229, 264, 283, 312, 289, 196, 235, 161, 136, 124, 96, 43, 39, 24, 8, 30, 14, 4, 4, 1, 24, 1] diff:[0, 0, 1, 0, 0, 0, 0, 0, 0, 0, 0, 0, 0, 0, 0, 0, 0, 0, 0, 0, 0, 0, 0, 0, 0, 0, 0]
Iteration 240 New: [0, 0, 219, 223, 263, 229, 264, 283, 312, 289, 196, 235, 161, 136, 124, 96, 43, 39, 24, 8, 30, 14, 4, 4, 1, 24, 1] diff:[0, 0, 1, 0, 0, 0, 0, 0, 0, 0, 0, 0, 0, 0, 0, 0, 0, 0, 0, 0, 0, 0, 0, 0, 0, 0, 0]
Iteration 250 New: [0, 0, 221, 223, 263, 229, 264, 283, 312, 289, 196, 235, 161, 136, 124, 96, 43, 39, 24, 8, 30, 14, 4, 4, 1, 24, 1] diff:[0, 0, 1, 0, 0, 0, 0, 0, 0, 0, 0, 0, 0, 0, 0, 0, 0, 0, 0, 0, 0, 0, 0, 0, 0, 0, 0]
Iteration 260 New: [0, 0, 227, 223, 263, 229, 264, 283, 312, 289, 196, 235, 161, 136, 124, 96, 43, 39, 24, 8, 30, 14, 4, 4, 1, 24, 1] diff:[0, 0, 1, 0, 0, 0, 0, 0, 0, 0, 0, 0, 0, 0, 0, 0, 0, 0, 0, 0, 0, 0, 0, 0, 0, 0, 0]
Iteration 270 New: [0, 0, 225, 223, 263, 229, 264, 283, 312, 289, 196, 235, 161, 136, 124, 96, 43, 39, 24, 8, 30, 14, 4, 4, 1, 24, 1] diff:[0, 0, -1, 0, 0, 0, 0, 0, 0, 0, 0, 0, 0, 0, 0, 0, 0, 0, 0, 0, 0, 0, 0, 0, 0, 0, 0]
Iteration 280 New: [0, 0, 225, 223, 263, 229, 264, 283, 312, 289, 196, 235, 161, 136, 124, 96, 43, 39, 24, 8, 30, 14, 4, 4, 1, 24, 1] diff:[0, 0, 1, 0, 0, 0, 0, 0, 0, 0, 0, 0, 0, 0, 0, 0, 0, 0, 0, 0, 0, 0, 0, 0, 0, 0, 0]
Iteration 290 New: [0, 0, 223, 223, 263, 229, 264, 283, 312, 289, 196, 235, 161, 136, 124, 96, 43, 39, 24, 8, 30, 14, 4, 4, 1, 24, 1] diff:[0, 0, 1, 0, 0, 0, 0, 0, 0, 0, 0, 0, 0, 0, 0, 0, 0, 0, 0, 0, 0, 0, 0, 0, 0, 0, 0]
Iteration 300 New: [0, 0, 223, 223, 263, 229, 264, 283, 312, 289, 196, 235, 161, 136, 124, 96, 43, 39, 24, 8, 30, 14, 4, 4, 1, 24, 1] diff:[0, 0, -1, 0, 0, 0, 0, 0, 0, 0, 0, 0, 0, 0, 0, 0, 0, 0, 0, 0, 0, 0, 0, 0, 0, 0, 0]
Iteration 310 New: [0, 0, 227, 223, 263, 229, 264, 283, 312, 289, 196, 235, 161, 136, 124, 96, 43, 39, 24, 8, 30, 14, 4, 4, 1, 24, 1] diff:[0, 0, 1, 0, 0, 0, 0, 0, 0, 0, 0, 0, 0, 0, 0, 0, 0, 0, 0, 0, 0, 0, 0, 0, 0, 0, 0]
Iteration 320 New: [0, 0, 229, 223, 263, 229, 264, 283, 312, 289, 196, 235, 161, 136, 124, 96, 43, 39, 24, 8, 30, 14, 4, 4, 1, 24, 1] diff:[0, 0, 1, 0, 0, 0, 0, 0, 0, 0, 0, 0, 0, 0, 0, 0, 0, 0, 0, 0, 0, 0, 0, 0, 0, 0, 0]
Iteration 330 New: [0, 0, 227, 223, 263, 229, 264, 283, 312, 289, 196, 235, 161, 136, 124, 96, 43, 39, 24, 8, 30, 14, 4, 4, 1, 24, 1] diff:[0, 0, -1, 0, 0, 0, 0, 0, 0, 0, 0, 0, 0, 0, 0, 0, 0, 0, 0, 0, 0, 0, 0, 0, 0, 0, 0]
Iteration 340 New: [0, 0, 223, 223, 263, 229, 264, 283, 312, 289, 196, 235, 161, 136, 124, 96, 43, 39, 24, 8, 30, 14, 4, 4, 1, 24, 1] diff:[0, 0, -1, 0, 0, 0, 0, 0, 0, 0, 0, 0, 0, 0, 0, 0, 0, 0, 0, 0, 0, 0, 0, 0, 0, 0, 0]
Iteration 350 New: [0, 0, 223, 223, 263, 229, 264, 283, 312, 289, 196, 235, 161, 136, 124, 96, 43, 39, 24, 8, 30, 14, 4, 4, 1, 24, 1] diff:[0, 0, -1, 0, 0, 0, 0, 0, 0, 0, 0, 0, 0, 0, 0, 0, 0, 0, 0, 0, 0, 0, 0, 0, 0, 0, 0]
Iteration 360 New: [0, 0, 225, 223, 263, 229, 264, 283, 312, 289, 196, 235, 161, 136, 124, 96, 43, 39, 24, 8, 30, 14, 4, 4, 1, 24, 1] diff:[0, 0, 1, 0, 0, 0, 0, 0, 0, 0, 0, 0, 0, 0, 0, 0, 0, 0, 0, 0, 0, 0, 0, 0, 0, 0, 0]
Iteration 370 New: [0, 0, 223, 223, 263, 229, 264, 283, 312, 289, 196, 235, 161, 136, 124, 96, 43, 39, 24, 8, 30, 14, 4, 4, 1, 24, 1] diff:[0, 0, 1, 0, 0, 0, 0, 0, 0, 0, 0, 0, 0, 0, 0, 0, 0, 0, 0, 0, 0, 0, 0, 0, 0, 0, 0]
Iteration 380 New: [0, 0, 223, 223, 263, 229, 264, 283, 312, 289, 196, 235, 161, 136, 124, 96, 43, 39, 24, 8, 30, 14, 4, 4, 1, 24, 1] diff:[0, 0, 1, 0, 0, 0, 0, 0, 0, 0, 0, 0, 0, 0, 0, 0, 0, 0, 0, 0, 0, 0, 0, 0, 0, 0, 0]
Iteration 390 New: [0, 0, 225, 223, 263, 229, 264, 283, 312, 289, 196, 235, 161, 136, 124, 96, 43, 39, 24, 8, 30, 14, 4, 4, 1, 24, 1] diff:[0, 0, 1, 0, 0, 0, 0, 0, 0, 0, 0, 0, 0, 0, 0, 0, 0, 0, 0, 0, 0, 0, 0, 0, 0, 0, 0]
Iteration 400 New: [0, 0, 225, 223, 263, 229, 264, 283, 312, 289, 196, 235, 161, 136, 124, 96, 43, 39, 24, 8, 30, 14, 4, 4, 1, 24, 1] diff:[0, 0, 1, 0, 0, 0, 0, 0, 0, 0, 0, 0, 0, 0, 0, 0, 0, 0, 0, 0, 0, 0, 0, 0, 0, 0, 0]
Iteration 410 New: [0, 0, 229, 223, 263, 229, 264, 283, 312, 289, 196, 235, 161, 136, 124, 96, 43, 39, 24, 8, 30, 14, 4, 4, 1, 24, 1] diff:[0, 0, 1, 0, 0, 0, 0, 0, 0, 0, 0, 0, 0, 0, 0, 0, 0, 0, 0, 0, 0, 0, 0, 0, 0, 0, 0]
Iteration 420 New: [0, 0, 230, 224, 263, 229, 264, 283, 312, 289, 196, 235, 161, 136, 124, 96, 43, 39, 24, 8, 30, 14, 4, 4, 1, 24, 1] diff:[0, 0, 1, 0, 0, 0, 0, 0, 0, 0, 0, 0, 0, 0, 0, 0, 0, 0, 0, 0, 0, 0, 0, 0, 0, 0, 0]
Iteration 430 New: [0, 0, 234, 224, 263, 229, 264, 283, 312, 289, 196, 235, 161, 136, 124, 96, 43, 39, 24, 8, 30, 14, 4, 4, 1, 24, 1] diff:[0, 0, 1, 0, 0, 0, 0, 0, 0, 0, 0, 0, 0, 0, 0, 0, 0, 0, 0, 0, 0, 0, 0, 0, 0, 0, 0]
Iteration 440 New: [0, 0, 236, 224, 263, 229, 264, 283, 312, 289, 196, 235, 161, 136, 124, 96, 43, 39, 24, 8, 30, 14, 4, 4, 1, 24, 1] diff:[0, 0, -1, 0, 0, 0, 0, 0, 0, 0, 0, 0, 0, 0, 0, 0, 0, 0, 0, 0, 0, 0, 0, 0, 0, 0, 0]
Iteration 450 New: [0, 0, 238, 224, 263, 229, 264, 283, 312, 289, 196, 235, 161, 136, 124, 96, 43, 39, 24, 8, 30, 14, 4, 4, 1, 24, 1] diff:[0, 0, -1, 0, 0, 0, 0, 0, 0, 0, 0, 0, 0, 0, 0, 0, 0, 0, 0, 0, 0, 0, 0, 0, 0, 0, 0]
Iteration 460 New: [0, 0, 240, 224, 263, 229, 264, 283, 312, 289, 196, 235, 161, 136, 124, 96, 43, 39, 24, 8, 30, 14, 4, 4, 1, 24, 1] diff:[0, 0, 1, 0, 0, 0, 0, 0, 0, 0, 0, 0, 0, 0, 0, 0, 0, 0, 0, 0, 0, 0, 0, 0, 0, 0, 0]
Iteration 470 New: [0, 0, 234, 224, 263, 229, 264, 283, 312, 289, 196, 235, 161, 136, 124, 96, 43, 39, 24, 8, 30, 14, 4, 4, 1, 24, 1] diff:[0, 0, -1, 0, 0, 0, 0, 0, 0, 0, 0, 0, 0, 0, 0, 0, 0, 0, 0, 0, 0, 0, 0, 0, 0, 0, 0]
Iteration 480 New: [0, 0, 238, 224, 263, 229, 264, 283, 312, 289, 196, 235, 161, 136, 124, 96, 43, 39, 24, 8, 30, 14, 4, 4, 1, 24, 1] diff:[0, 0, 1, 0, 0, 0, 0, 0, 0, 0, 0, 0, 0, 0, 0, 0, 0, 0, 0, 0, 0, 0, 0, 0, 0, 0, 0]
Iteration 490 New: [0, 0, 242, 224, 263, 229, 264, 283, 312, 289, 196, 235, 161, 136, 124, 96, 43, 39, 24, 8, 30, 14, 4, 4, 1, 24, 1] diff:[0, 0, 1, 0, 0, 0, 0, 0, 0, 0, 0, 0, 0, 0, 0, 0, 0, 0, 0, 0, 0, 0, 0, 0, 0, 0, 0]
Iteration 500 New: [0, 0, 250, 224, 263, 229, 264, 283, 312, 289, 196, 235, 161, 136, 124, 96, 43, 39, 24, 8, 30, 14, 4, 4, 1, 24, 1] diff:[0, 0, 1, 0, 0, 0, 0, 0, 0, 0, 0, 0, 0, 0, 0, 0, 0, 0, 0, 0, 0, 0, 0, 0, 0, 0, 0]
Iteration 510 New: [0, 0, 248, 224, 263, 229, 264, 283, 312, 289, 196, 235, 161, 136, 124, 96, 43, 39, 24, 8, 30, 14, 4, 4, 1, 24, 1] diff:[0, 0, 1, 0, 0, 0, 0, 0, 0, 0, 0, 0, 0, 0, 0, 0, 0, 0, 0, 0, 0, 0, 0, 0, 0, 0, 0]
Iteration 520 New: [0, 0, 252, 224, 263, 229, 264, 283, 312, 289, 196, 235, 161, 136, 124, 96, 43, 39, 24, 8, 30, 14, 4, 4, 1, 24, 1] diff:[0, 0, 1, 0, 0, 0, 0, 0, 0, 0, 0, 0, 0, 0, 0, 0, 0, 0, 0, 0, 0, 0, 0, 0, 0, 0, 0]
Iteration 530 New: [0, 0, 258, 224, 263, 229, 264, 283, 312, 289, 196, 235, 161, 136, 124, 96, 43, 39, 24, 8, 30, 14, 4, 4, 1, 24, 1] diff:[0, 0, 1, 0, 0, 0, 0, 0, 0, 0, 0, 0, 0, 0, 0, 0, 0, 0, 0, 0, 0, 0, 0, 0, 0, 0, 0]
Iteration 540 New: [0, 0, 264, 224, 263, 229, 264, 283, 312, 289, 196, 235, 161, 136, 124, 96, 43, 39, 24, 8, 30, 14, 4, 4, 1, 24, 1] diff:[0, 0, 1, 0, 0, 0, 0, 0, 0, 0, 0, 0, 0, 0, 0, 0, 0, 0, 0, 0, 0, 0, 0, 0, 0, 0, 0]
Iteration 550 New: [0, 0, 264, 224, 263, 229, 264, 283, 312, 289, 196, 235, 161, 136, 124, 96, 43, 39, 24, 8, 30, 14, 4, 4, 1, 24, 1] diff:[0, 0, -1, 0, 0, 0, 0, 0, 0, 0, 0, 0, 0, 0, 0, 0, 0, 0, 0, 0, 0, 0, 0, 0, 0, 0, 0]
Iteration 560 New: [0, 0, 264, 224, 263, 229, 264, 283, 312, 289, 196, 235, 161, 136, 124, 96, 43, 39, 24, 8, 30, 14, 4, 4, 1, 24, 1] diff:[0, 0, 1, 0, 0, 0, 0, 0, 0, 0, 0, 0, 0, 0, 0, 0, 0, 0, 0, 0, 0, 0, 0, 0, 0, 0, 0]
Iteration 570 New: [0, 0, 264, 224, 263, 229, 264, 283, 312, 289, 196, 235, 161, 136, 124, 96, 43, 39, 24, 8, 30, 14, 4, 4, 1, 24, 1] diff:[0, 0, 1, 0, 0, 0, 0, 0, 0, 0, 0, 0, 0, 0, 0, 0, 0, 0, 0, 0, 0, 0, 0, 0, 0, 0, 0]
Iteration 580 New: [0, 0, 264, 224, 263, 229, 264, 283, 312, 289, 196, 235, 161, 136, 124, 96, 43, 39, 24, 8, 30, 14, 4, 4, 1, 24, 1] diff:[0, 0, -1, 0, 0, 0, 0, 0, 0, 0, 0, 0, 0, 0, 0, 0, 0, 0, 0, 0, 0, 0, 0, 0, 0, 0, 0]
Iteration 590 New: [0, 0, 266, 224, 263, 229, 264, 283, 312, 289, 196, 235, 161, 136, 124, 96, 43, 39, 24, 8, 30, 14, 4, 4, 1, 24, 1] diff:[0, 0, 1, 0, 0, 0, 0, 0, 0, 0, 0, 0, 0, 0, 0, 0, 0, 0, 0, 0, 0, 0, 0, 0, 0, 0, 0]
Iteration 600 New: [0, 0, 264, 224, 263, 229, 264, 283, 312, 289, 196, 235, 161, 136, 124, 96, 43, 39, 24, 8, 30, 14, 4, 4, 1, 24, 1] diff:[0, 0, 1, 0, 0, 0, 0, 0, 0, 0, 0, 0, 0, 0, 0, 0, 0, 0, 0, 0, 0, 0, 0, 0, 0, 0, 0]
Iteration 610 New: [0, 0, 266, 224, 263, 229, 264, 283, 312, 289, 196, 235, 161, 136, 124, 96, 43, 39, 24, 8, 30, 14, 4, 4, 1, 24, 1] diff:[0, 0, -1, 0, 0, 0, 0, 0, 0, 0, 0, 0, 0, 0, 0, 0, 0, 0, 0, 0, 0, 0, 0, 0, 0, 0, 0]
Iteration 620 New: [0, 0, 266, 224, 263, 229, 264, 283, 312, 289, 196, 235, 161, 136, 124, 96, 43, 39, 24, 8, 30, 14, 4, 4, 1, 24, 1] diff:[0, 0, 1, 0, 0, 0, 0, 0, 0, 0, 0, 0, 0, 0, 0, 0, 0, 0, 0, 0, 0, 0, 0, 0, 0, 0, 0]
Iteration 630 New: [0, 0, 264, 224, 263, 229, 264, 283, 312, 289, 196, 235, 161, 136, 124, 96, 43, 39, 24, 8, 30, 14, 4, 4, 1, 24, 1] diff:[0, 0, -1, 0, 0, 0, 0, 0, 0, 0, 0, 0, 0, 0, 0, 0, 0, 0, 0, 0, 0, 0, 0, 0, 0, 0, 0]
Iteration 640 New: [0, 0, 266, 224, 263, 229, 264, 283, 312, 289, 196, 235, 161, 136, 124, 96, 43, 39, 24, 8, 30, 14, 4, 4, 1, 24, 1] diff:[0, 0, 1, 0, 0, 0, 0, 0, 0, 0, 0, 0, 0, 0, 0, 0, 0, 0, 0, 0, 0, 0, 0, 0, 0, 0, 0]
Iteration 650 New: [0, 0, 272, 224, 263, 229, 264, 283, 312, 289, 196, 235, 161, 136, 124, 96, 43, 39, 24, 8, 30, 14, 4, 4, 1, 24, 1] diff:[0, 0, 1, 0, 0, 0, 0, 0, 0, 0, 0, 0, 0, 0, 0, 0, 0, 0, 0, 0, 0, 0, 0, 0, 0, 0, 0]
Iteration 660 New: [0, 0, 274, 224, 263, 229, 264, 283, 312, 289, 196, 235, 161, 136, 124, 96, 43, 39, 24, 8, 30, 14, 4, 4, 1, 24, 1] diff:[0, 0, 1, 0, 0, 0, 0, 0, 0, 0, 0, 0, 0, 0, 0, 0, 0, 0, 0, 0, 0, 0, 0, 0, 0, 0, 0]
Iteration 670 New: [0, 0, 276, 224, 263, 229, 264, 283, 312, 289, 196, 235, 161, 136, 124, 96, 43, 39, 24, 8, 30, 14, 4, 4, 1, 24, 1] diff:[0, 0, 1, 0, 0, 0, 0, 0, 0, 0, 0, 0, 0, 0, 0, 0, 0, 0, 0, 0, 0, 0, 0, 0, 0, 0, 0]
Iteration 680 New: [0, 0, 276, 224, 263, 229, 264, 283, 312, 289, 196, 235, 161, 136, 124, 96, 43, 39, 24, 8, 30, 14, 4, 4, 1, 24, 1] diff:[0, 0, 1, 0, 0, 0, 0, 0, 0, 0, 0, 0, 0, 0, 0, 0, 0, 0, 0, 0, 0, 0, 0, 0, 0, 0, 0]
Iteration 690 New: [0, 0, 278, 224, 263, 229, 264, 283, 312, 289, 196, 235, 161, 136, 124, 96, 43, 39, 24, 8, 30, 14, 4, 4, 1, 24, 1] diff:[0, 0, 1, 0, 0, 0, 0, 0, 0, 0, 0, 0, 0, 0, 0, 0, 0, 0, 0, 0, 0, 0, 0, 0, 0, 0, 0]
Iteration 700 New: [0, 0, 284, 224, 263, 229, 264, 283, 312, 289, 196, 235, 161, 136, 124, 96, 43, 39, 24, 8, 30, 14, 4, 4, 1, 24, 1] diff:[0, 0, 1, 0, 0, 0, 0, 0, 0, 0, 0, 0, 0, 0, 0, 0, 0, 0, 0, 0, 0, 0, 0, 0, 0, 0, 0]
Iteration 710 New: [0, 0, 284, 224, 263, 229, 264, 283, 312, 289, 196, 235, 161, 136, 124, 96, 43, 39, 24, 8, 30, 14, 4, 4, 1, 24, 1] diff:[0, 0, -1, 0, 0, 0, 0, 0, 0, 0, 0, 0, 0, 0, 0, 0, 0, 0, 0, 0, 0, 0, 0, 0, 0, 0, 0]
Iteration 720 New: [0, 0, 280, 224, 263, 229, 264, 283, 312, 289, 196, 235, 161, 136, 124, 96, 43, 39, 24, 8, 30, 14, 4, 4, 1, 24, 1] diff:[0, 0, -1, 0, 0, 0, 0, 0, 0, 0, 0, 0, 0, 0, 0, 0, 0, 0, 0, 0, 0, 0, 0, 0, 0, 0, 0]
Iteration 730 New: [0, 0, 279, 224, 263, 229, 264, 283, 312, 289, 196, 235, 161, 136, 124, 96, 43, 39, 24, 8, 30, 14, 4, 4, 1, 18, 0] diff:[0, 0, 0, 0, 0, 0, 0, 0, 0, 0, 0, 0, 0, 0, 0, 0, 0, 0, 0, 0, 0, 0, 0, 0, 0, -1, 0]
Iteration 740 New: [0, 0, 282, 224, 263, 229, 264, 283, 312, 289, 196, 235, 161, 136, 124, 96, 43, 39, 24, 8, 30, 14, 4, 4, 1, 13, 0] diff:[0, 0, -1, 0, 0, 0, 0, 0, 0, 0, 0, 0, 0, 0, 0, 0, 0, 0, 0, 0, 0, 0, 0, 0, 0, 0, 0]
Iteration 750 New: [0, 0, 286, 224, 263, 229, 264, 283, 312, 289, 196, 235, 161, 136, 124, 96, 43, 39, 24, 8, 30, 14, 4, 4, 1, 13, 0] diff:[0, 0, -1, 0, 0, 0, 0, 0, 0, 0, 0, 0, 0, 0, 0, 0, 0, 0, 0, 0, 0, 0, 0, 0, 0, 0, 0]
Iteration 760 New: [0, 0, 282, 224, 263, 229, 264, 283, 312, 289, 196, 235, 161, 136, 124, 96, 43, 39, 24, 8, 30, 14, 4, 4, 1, 13, 0] diff:[0, 0, -1, 0, 0, 0, 0, 0, 0, 0, 0, 0, 0, 0, 0, 0, 0, 0, 0, 0, 0, 0, 0, 0, 0, 0, 0]
Iteration 770 New: [0, 0, 288, 224, 263, 229, 264, 283, 312, 289, 196, 235, 161, 136, 124, 96, 43, 39, 24, 8, 30, 14, 4, 4, 1, 13, 0] diff:[0, 0, -1, 0, 0, 0, 0, 0, 0, 0, 0, 0, 0, 0, 0, 0, 0, 0, 0, 0, 0, 0, 0, 0, 0, 0, 0]
Iteration 780 New: [0, 0, 286, 224, 263, 229, 264, 283, 312, 289, 196, 235, 161, 136, 124, 96, 43, 39, 24, 8, 30, 14, 4, 4, 1, 13, 0] diff:[0, 0, 1, 0, 0, 0, 0, 0, 0, 0, 0, 0, 0, 0, 0, 0, 0, 0, 0, 0, 0, 0, 0, 0, 0, 0, 0]
Iteration 790 New: [0, 0, 288, 224, 263, 229, 264, 283, 312, 289, 196, 235, 161, 136, 124, 96, 43, 39, 24, 8, 30, 14, 4, 4, 1, 13, 0] diff:[0, 0, 1, 0, 0, 0, 0, 0, 0, 0, 0, 0, 0, 0, 0, 0, 0, 0, 0, 0, 0, 0, 0, 0, 0, 0, 0]
Iteration 800 New: [0, 0, 290, 224, 263, 229, 264, 283, 312, 289, 196, 235, 161, 136, 124, 96, 43, 39, 24, 8, 30, 14, 4, 4, 1, 13, 0] diff:[0, 0, -1, 0, 0, 0, 0, 0, 0, 0, 0, 0, 0, 0, 0, 0, 0, 0, 0, 0, 0, 0, 0, 0, 0, 0, 0]
Iteration 810 New: [0, 0, 290, 224, 263, 229, 264, 283, 312, 289, 196, 235, 161, 136, 124, 96, 43, 39, 24, 8, 30, 14, 4, 4, 1, 13, 0] diff:[0, 0, 1, 0, 0, 0, 0, 0, 0, 0, 0, 0, 0, 0, 0, 0, 0, 0, 0, 0, 0, 0, 0, 0, 0, 0, 0]
Iteration 820 New: [0, 0, 292, 224, 263, 229, 264, 283, 312, 289, 196, 235, 161, 136, 124, 96, 43, 39, 24, 8, 30, 14, 4, 4, 1, 13, 0] diff:[0, 0, 1, 0, 0, 0, 0, 0, 0, 0, 0, 0, 0, 0, 0, 0, 0, 0, 0, 0, 0, 0, 0, 0, 0, 0, 0]
Iteration 830 New: [0, 0, 286, 224, 263, 229, 264, 283, 312, 289, 196, 235, 161, 136, 124, 96, 43, 39, 24, 8, 30, 14, 4, 4, 1, 13, 0] diff:[0, 0, -1, 0, 0, 0, 0, 0, 0, 0, 0, 0, 0, 0, 0, 0, 0, 0, 0, 0, 0, 0, 0, 0, 0, 0, 0]
Iteration 840 New: [0, 0, 288, 224, 263, 229, 264, 283, 312, 289, 196, 235, 161, 136, 124, 96, 43, 39, 24, 8, 30, 14, 4, 4, 1, 13, 0] diff:[0, 0, 1, 0, 0, 0, 0, 0, 0, 0, 0, 0, 0, 0, 0, 0, 0, 0, 0, 0, 0, 0, 0, 0, 0, 0, 0]
Iteration 850 New: [0, 0, 290, 224, 263, 229, 264, 283, 312, 289, 196, 235, 161, 136, 124, 96, 43, 39, 24, 8, 30, 14, 4, 4, 1, 13, 0] diff:[0, 0, 1, 0, 0, 0, 0, 0, 0, 0, 0, 0, 0, 0, 0, 0, 0, 0, 0, 0, 0, 0, 0, 0, 0, 0, 0]
Iteration 860 New: [0, 0, 292, 224, 263, 229, 264, 283, 312, 289, 196, 235, 161, 136, 124, 96, 43, 39, 24, 8, 30, 14, 4, 4, 1, 13, 0] diff:[0, 0, 1, 0, 0, 0, 0, 0, 0, 0, 0, 0, 0, 0, 0, 0, 0, 0, 0, 0, 0, 0, 0, 0, 0, 0, 0]
Iteration 870 New: [0, 0, 292, 224, 263, 229, 264, 283, 312, 289, 196, 235, 161, 136, 124, 96, 43, 39, 24, 8, 30, 14, 4, 4, 1, 7, 0] diff:[0, 0, -1, 0, 0, 0, 0, 0, 0, 0, 0, 0, 0, 0, 0, 0, 0, 0, 0, 0, 0, 0, 0, 0, 0, 0, 0]
Iteration 880 New: [0, 0, 292, 224, 263, 229, 264, 283, 312, 289, 196, 235, 161, 136, 124, 96, 43, 39, 24, 8, 30, 14, 4, 4, 1, 7, 0] diff:[0, 0, -1, 0, 0, 0, 0, 0, 0, 0, 0, 0, 0, 0, 0, 0, 0, 0, 0, 0, 0, 0, 0, 0, 0, 0, 0]
Iteration 890 New: [0, 0, 302, 224, 263, 229, 264, 283, 312, 289, 196, 235, 161, 136, 124, 96, 43, 39, 24, 8, 30, 14, 4, 4, 1, 7, 0] diff:[0, 0, 1, 0, 0, 0, 0, 0, 0, 0, 0, 0, 0, 0, 0, 0, 0, 0, 0, 0, 0, 0, 0, 0, 0, 0, 0]
Iteration 900 New: [0, 0, 306, 224, 263, 229, 264, 283, 312, 289, 196, 235, 161, 136, 124, 96, 43, 39, 24, 8, 30, 14, 4, 4, 1, 7, 0] diff:[0, 0, 1, 0, 0, 0, 0, 0, 0, 0, 0, 0, 0, 0, 0, 0, 0, 0, 0, 0, 0, 0, 0, 0, 0, 0, 0]
Iteration 910 New: [0, 0, 306, 224, 263, 229, 264, 283, 312, 289, 196, 235, 161, 136, 124, 96, 43, 39, 24, 8, 30, 14, 4, 4, 1, 7, 0] diff:[0, 0, -1, 0, 0, 0, 0, 0, 0, 0, 0, 0, 0, 0, 0, 0, 0, 0, 0, 0, 0, 0, 0, 0, 0, 0, 0]
Iteration 920 New: [0, 0, 304, 224, 263, 229, 264, 283, 312, 289, 196, 235, 161, 136, 124, 96, 43, 39, 24, 8, 30, 14, 4, 4, 1, 7, 0] diff:[0, 0, -1, 0, 0, 0, 0, 0, 0, 0, 0, 0, 0, 0, 0, 0, 0, 0, 0, 0, 0, 0, 0, 0, 0, 0, 0]
Iteration 930 New: [0, 0, 306, 224, 263, 229, 264, 283, 312, 289, 196, 235, 161, 136, 124, 96, 43, 39, 24, 8, 30, 14, 4, 4, 1, 7, 0] diff:[0, 0, -1, 0, 0, 0, 0, 0, 0, 0, 0, 0, 0, 0, 0, 0, 0, 0, 0, 0, 0, 0, 0, 0, 0, 0, 0]
Iteration 940 New: [0, 0, 306, 224, 263, 229, 264, 283, 312, 289, 196, 235, 161, 136, 124, 96, 43, 39, 24, 8, 30, 14, 4, 4, 1, 7, 0] diff:[0, 0, -1, 0, 0, 0, 0, 0, 0, 0, 0, 0, 0, 0, 0, 0, 0, 0, 0, 0, 0, 0, 0, 0, 0, 0, 0]
Iteration 950 New: [0, 0, 308, 224, 263, 229, 264, 283, 312, 289, 196, 235, 161, 136, 124, 96, 43, 39, 24, 8, 30, 14, 4, 4, 1, 7, 0] diff:[0, 0, 1, 0, 0, 0, 0, 0, 0, 0, 0, 0, 0, 0, 0, 0, 0, 0, 0, 0, 0, 0, 0, 0, 0, 0, 0]
Iteration 960 New: [0, 0, 310, 224, 263, 229, 264, 283, 312, 289, 196, 235, 161, 136, 124, 96, 43, 39, 24, 8, 30, 14, 4, 4, 1, 7, 0] diff:[0, 0, 1, 0, 0, 0, 0, 0, 0, 0, 0, 0, 0, 0, 0, 0, 0, 0, 0, 0, 0, 0, 0, 0, 0, 0, 0]
Iteration 970 New: [0, 0, 312, 224, 263, 229, 264, 283, 312, 289, 196, 235, 161, 136, 124, 96, 43, 39, 24, 8, 30, 14, 4, 4, 1, 7, 0] diff:[0, 0, 1, 0, 0, 0, 0, 0, 0, 0, 0, 0, 0, 0, 0, 0, 0, 0, 0, 0, 0, 0, 0, 0, 0, 0, 0]
Iteration 980 New: [0, 0, 314, 224, 263, 229, 264, 283, 312, 289, 196, 235, 161, 136, 124, 96, 43, 39, 24, 8, 30, 14, 4, 4, 1, 7, 0] diff:[0, 0, 1, 0, 0, 0, 0, 0, 0, 0, 0, 0, 0, 0, 0, 0, 0, 0, 0, 0, 0, 0, 0, 0, 0, 0, 0]
Iteration 990 New: [0, 0, 318, 224, 263, 229, 264, 283, 312, 289, 196, 235, 161, 136, 124, 96, 43, 39, 24, 8, 30, 14, 4, 4, 1, 7, 0] diff:[0, 0, 1, 0, 0, 0, 0, 0, 0, 0, 0, 0, 0, 0, 0, 0, 0, 0, 0, 0, 0, 0, 0, 0, 0, 0, 0]
Iteration 1000 New: [0, 0, 322, 224, 263, 229, 264, 283, 312, 289, 196, 235, 161, 136, 124, 96, 43, 39, 24, 8, 30, 14, 4, 4, 1, 7, 0] diff:[0, 0, 1, 0, 0, 0, 0, 0, 0, 0, 0, 0, 0, 0, 0, 0, 0, 0, 0, 0, 0, 0, 0, 0, 0, 0, 0]
Iteration 1010 New: [0, 0, 326, 224, 263, 229, 264, 283, 312, 289, 196, 235, 161, 136, 124, 96, 43, 39, 24, 8, 30, 14, 4, 4, 1, 7, 0] diff:[0, 0, 1, 0, 0, 0, 0, 0, 0, 0, 0, 0, 0, 0, 0, 0, 0, 0, 0, 0, 0, 0, 0, 0, 0, 0, 0]
Iteration 1020 New: [0, 0, 330, 224, 263, 229, 264, 283, 312, 289, 196, 235, 161, 136, 124, 96, 43, 39, 24, 8, 30, 14, 4, 4, 1, 7, 0] diff:[0, 0, 1, 0, 0, 0, 0, 0, 0, 0, 0, 0, 0, 0, 0, 0, 0, 0, 0, 0, 0, 0, 0, 0, 0, 0, 0]
Iteration 1030 New: [0, 0, 328, 224, 263, 229, 264, 283, 312, 289, 196, 235, 161, 136, 124, 96, 43, 39, 24, 8, 30, 14, 4, 4, 1, 7, 0] diff:[0, 0, 1, 0, 0, 0, 0, 0, 0, 0, 0, 0, 0, 0, 0, 0, 0, 0, 0, 0, 0, 0, 0, 0, 0, 0, 0]
Iteration 1040 New: [0, 0, 328, 224, 263, 229, 264, 283, 312, 289, 196, 235, 161, 136, 124, 96, 43, 39, 24, 8, 30, 14, 4, 4, 1, 7, 0] diff:[0, 0, -1, 0, 0, 0, 0, 0, 0, 0, 0, 0, 0, 0, 0, 0, 0, 0, 0, 0, 0, 0, 0, 0, 0, 0, 0]
Iteration 1050 New: [0, 0, 326, 224, 263, 229, 264, 283, 312, 289, 196, 235, 161, 136, 124, 96, 43, 39, 24, 8, 30, 14, 4, 4, 1, 7, 0] diff:[0, 0, -1, 0, 0, 0, 0, 0, 0, 0, 0, 0, 0, 0, 0, 0, 0, 0, 0, 0, 0, 0, 0, 0, 0, 0, 0]
Iteration 1060 New: [0, 0, 326, 224, 263, 229, 264, 283, 312, 289, 196, 235, 161, 136, 124, 96, 43, 39, 24, 8, 30, 14, 4, 4, 1, 7, 0] diff:[0, 0, 1, 0, 0, 0, 0, 0, 0, 0, 0, 0, 0, 0, 0, 0, 0, 0, 0, 0, 0, 0, 0, 0, 0, 0, 0]
Iteration 1070 New: [0, 0, 328, 224, 263, 229, 264, 283, 312, 289, 196, 235, 161, 136, 124, 96, 43, 39, 24, 8, 30, 14, 4, 4, 1, 7, 0] diff:[0, 0, 1, 0, 0, 0, 0, 0, 0, 0, 0, 0, 0, 0, 0, 0, 0, 0, 0, 0, 0, 0, 0, 0, 0, 0, 0]
Iteration 1080 New: [0, 0, 334, 224, 263, 229, 264, 283, 312, 289, 196, 235, 161, 136, 124, 96, 43, 39, 24, 8, 30, 14, 4, 4, 1, 7, 0] diff:[0, 0, 1, 0, 0, 0, 0, 0, 0, 0, 0, 0, 0, 0, 0, 0, 0, 0, 0, 0, 0, 0, 0, 0, 0, 0, 0]
Iteration 1090 New: [0, 0, 332, 224, 263, 229, 264, 283, 312, 289, 196, 235, 161, 136, 124, 96, 43, 39, 24, 8, 30, 14, 4, 4, 1, 7, 0] diff:[0, 0, -1, 0, 0, 0, 0, 0, 0, 0, 0, 0, 0, 0, 0, 0, 0, 0, 0, 0, 0, 0, 0, 0, 0, 0, 0]
Iteration 1100 New: [0, 0, 332, 224, 263, 229, 264, 283, 312, 289, 196, 235, 161, 136, 124, 96, 43, 39, 24, 8, 30, 14, 4, 4, 1, 7, 0] diff:[0, 0, 1, 0, 0, 0, 0, 0, 0, 0, 0, 0, 0, 0, 0, 0, 0, 0, 0, 0, 0, 0, 0, 0, 0, 0, 0]
Iteration 1110 New: [0, 0, 328, 224, 263, 229, 264, 283, 312, 289, 196, 235, 161, 136, 124, 96, 43, 39, 24, 8, 30, 14, 4, 4, 1, 7, 0] diff:[0, 0, 1, 0, 0, 0, 0, 0, 0, 0, 0, 0, 0, 0, 0, 0, 0, 0, 0, 0, 0, 0, 0, 0, 0, 0, 0]
Iteration 1120 New: [0, 0, 328, 224, 263, 229, 264, 283, 312, 289, 196, 235, 161, 136, 124, 96, 43, 39, 24, 8, 30, 14, 4, 4, 1, 7, 0] diff:[0, 0, 1, 0, 0, 0, 0, 0, 0, 0, 0, 0, 0, 0, 0, 0, 0, 0, 0, 0, 0, 0, 0, 0, 0, 0, 0]
Iteration 1130 New: [0, 0, 334, 224, 263, 229, 264, 283, 312, 289, 196, 235, 161, 136, 124, 96, 43, 39, 24, 8, 30, 14, 4, 4, 1, 7, 0] diff:[0, 0, 1, 0, 0, 0, 0, 0, 0, 0, 0, 0, 0, 0, 0, 0, 0, 0, 0, 0, 0, 0, 0, 0, 0, 0, 0]
Iteration 1140 New: [0, 0, 328, 224, 263, 229, 264, 283, 312, 289, 196, 235, 161, 136, 124, 96, 43, 39, 24, 8, 30, 14, 4, 4, 1, 7, 0] diff:[0, 0, -1, 0, 0, 0, 0, 0, 0, 0, 0, 0, 0, 0, 0, 0, 0, 0, 0, 0, 0, 0, 0, 0, 0, 0, 0]
Iteration 1150 New: [0, 0, 328, 224, 263, 229, 264, 283, 312, 289, 196, 235, 161, 136, 124, 96, 43, 39, 24, 8, 30, 14, 4, 4, 1, 7, 0] diff:[0, 0, -1, 0, 0, 0, 0, 0, 0, 0, 0, 0, 0, 0, 0, 0, 0, 0, 0, 0, 0, 0, 0, 0, 0, 0, 0]
Iteration 1160 New: [0, 0, 328, 224, 263, 229, 264, 283, 312, 289, 196, 235, 161, 136, 124, 96, 43, 39, 24, 8, 30, 14, 4, 4, 1, 7, 0] diff:[0, 0, 1, 0, 0, 0, 0, 0, 0, 0, 0, 0, 0, 0, 0, 0, 0, 0, 0, 0, 0, 0, 0, 0, 0, 0, 0]
Iteration 1170 New: [0, 0, 326, 224, 263, 229, 264, 283, 312, 289, 196, 235, 161, 136, 124, 96, 43, 39, 24, 8, 30, 14, 4, 4, 1, 7, 0] diff:[0, 0, -1, 0, 0, 0, 0, 0, 0, 0, 0, 0, 0, 0, 0, 0, 0, 0, 0, 0, 0, 0, 0, 0, 0, 0, 0]
Iteration 1180 New: [0, 0, 322, 224, 263, 229, 264, 283, 312, 289, 196, 235, 161, 136, 124, 96, 43, 39, 24, 8, 30, 14, 4, 4, 1, 7, 0] diff:[0, 0, -1, 0, 0, 0, 0, 0, 0, 0, 0, 0, 0, 0, 0, 0, 0, 0, 0, 0, 0, 0, 0, 0, 0, 0, 0]
Iteration 1190 New: [0, 0, 324, 224, 263, 229, 264, 283, 312, 289, 196, 235, 161, 136, 124, 96, 43, 39, 24, 8, 30, 14, 4, 4, 1, 7, 0] diff:[0, 0, 1, 0, 0, 0, 0, 0, 0, 0, 0, 0, 0, 0, 0, 0, 0, 0, 0, 0, 0, 0, 0, 0, 0, 0, 0]
Iteration 1200 New: [0, 0, 326, 224, 263, 229, 264, 283, 312, 289, 196, 235, 161, 136, 124, 96, 43, 39, 24, 8, 30, 14, 4, 4, 1, 7, 0] diff:[0, 0, 1, 0, 0, 0, 0, 0, 0, 0, 0, 0, 0, 0, 0, 0, 0, 0, 0, 0, 0, 0, 0, 0, 0, 0, 0]
Iteration 1210 New: [0, 0, 328, 224, 263, 229, 264, 283, 312, 289, 196, 235, 161, 136, 124, 96, 43, 39, 24, 8, 30, 14, 4, 4, 1, 7, 0] diff:[0, 0, -1, 0, 0, 0, 0, 0, 0, 0, 0, 0, 0, 0, 0, 0, 0, 0, 0, 0, 0, 0, 0, 0, 0, 0, 0]
Iteration 1220 New: [0, 0, 332, 224, 263, 229, 264, 283, 312, 289, 196, 235, 161, 136, 124, 96, 43, 39, 24, 8, 30, 14, 4, 4, 1, 7, 0] diff:[0, 0, 1, 0, 0, 0, 0, 0, 0, 0, 0, 0, 0, 0, 0, 0, 0, 0, 0, 0, 0, 0, 0, 0, 0, 0, 0]
Iteration 1230 New: [0, 0, 338, 224, 263, 229, 264, 283, 312, 289, 196, 235, 161, 136, 124, 96, 43, 39, 24, 8, 30, 14, 4, 4, 1, 7, 0] diff:[0, 0, 1, 0, 0, 0, 0, 0, 0, 0, 0, 0, 0, 0, 0, 0, 0, 0, 0, 0, 0, 0, 0, 0, 0, 0, 0]
Iteration 1240 New: [0, 0, 336, 224, 263, 229, 264, 283, 312, 289, 196, 235, 161, 136, 124, 96, 43, 39, 24, 8, 30, 14, 4, 4, 1, 7, 0] diff:[0, 0, 1, 0, 0, 0, 0, 0, 0, 0, 0, 0, 0, 0, 0, 0, 0, 0, 0, 0, 0, 0, 0, 0, 0, 0, 0]
Iteration 1250 New: [0, 0, 338, 224, 263, 229, 264, 283, 312, 289, 196, 235, 161, 136, 124, 96, 43, 39, 24, 8, 30, 14, 4, 4, 1, 7, 0] diff:[0, 0, 1, 0, 0, 0, 0, 0, 0, 0, 0, 0, 0, 0, 0, 0, 0, 0, 0, 0, 0, 0, 0, 0, 0, 0, 0]
Iteration 1260 New: [0, 0, 342, 224, 263, 229, 264, 283, 312, 289, 196, 235, 161, 136, 124, 96, 43, 39, 24, 8, 30, 14, 4, 4, 1, 7, 0] diff:[0, 0, 1, 0, 0, 0, 0, 0, 0, 0, 0, 0, 0, 0, 0, 0, 0, 0, 0, 0, 0, 0, 0, 0, 0, 0, 0]
Iteration 1270 New: [0, 0, 344, 224, 263, 229, 264, 283, 312, 289, 196, 235, 161, 136, 124, 96, 43, 39, 24, 8, 30, 14, 4, 4, 1, 7, 0] diff:[0, 0, 1, 0, 0, 0, 0, 0, 0, 0, 0, 0, 0, 0, 0, 0, 0, 0, 0, 0, 0, 0, 0, 0, 0, 0, 0]
Iteration 1280 New: [0, 0, 346, 224, 263, 229, 264, 283, 312, 289, 196, 235, 161, 136, 124, 96, 43, 39, 24, 8, 30, 14, 4, 4, 1, 7, 0] diff:[0, 0, 1, 0, 0, 0, 0, 0, 0, 0, 0, 0, 0, 0, 0, 0, 0, 0, 0, 0, 0, 0, 0, 0, 0, 0, 0]
Iteration 1290 New: [0, 0, 342, 224, 263, 229, 264, 283, 312, 289, 196, 235, 161, 136, 124, 96, 43, 39, 24, 8, 30, 14, 4, 4, 1, 7, 0] diff:[0, 0, 1, 0, 0, 0, 0, 0, 0, 0, 0, 0, 0, 0, 0, 0, 0, 0, 0, 0, 0, 0, 0, 0, 0, 0, 0]
Iteration 1300 New: [0, 0, 340, 224, 263, 229, 264, 283, 312, 289, 196, 235, 161, 136, 124, 96, 43, 39, 24, 8, 30, 14, 4, 4, 1, 7, 0] diff:[0, 0, 1, 0, 0, 0, 0, 0, 0, 0, 0, 0, 0, 0, 0, 0, 0, 0, 0, 0, 0, 0, 0, 0, 0, 0, 0]
Iteration 1310 New: [0, 0, 340, 224, 263, 229, 264, 283, 312, 289, 196, 235, 161, 136, 124, 96, 43, 39, 24, 8, 30, 14, 4, 4, 1, 7, 0] diff:[0, 0, -1, 0, 0, 0, 0, 0, 0, 0, 0, 0, 0, 0, 0, 0, 0, 0, 0, 0, 0, 0, 0, 0, 0, 0, 0]
Iteration 1320 New: [0, 0, 340, 224, 263, 229, 264, 283, 312, 289, 196, 235, 161, 136, 124, 96, 43, 39, 24, 8, 30, 14, 4, 4, 1, 7, 0] diff:[0, 0, -1, 0, 0, 0, 0, 0, 0, 0, 0, 0, 0, 0, 0, 0, 0, 0, 0, 0, 0, 0, 0, 0, 0, 0, 0]
Iteration 1330 New: [0, 0, 342, 224, 263, 229, 264, 283, 312, 289, 196, 235, 161, 136, 124, 96, 43, 39, 24, 8, 30, 14, 4, 4, 1, 7, 0] diff:[0, 0, 1, 0, 0, 0, 0, 0, 0, 0, 0, 0, 0, 0, 0, 0, 0, 0, 0, 0, 0, 0, 0, 0, 0, 0, 0]
Iteration 1340 New: [0, 0, 344, 224, 263, 229, 264, 283, 312, 289, 196, 235, 161, 136, 124, 96, 43, 39, 24, 8, 30, 14, 4, 4, 1, 7, 0] diff:[0, 0, 1, 0, 0, 0, 0, 0, 0, 0, 0, 0, 0, 0, 0, 0, 0, 0, 0, 0, 0, 0, 0, 0, 0, 0, 0]
Iteration 1350 New: [0, 0, 348, 224, 263, 229, 264, 283, 312, 289, 196, 235, 161, 136, 124, 96, 43, 39, 24, 8, 30, 14, 4, 4, 1, 7, 0] diff:[0, 0, 1, 0, 0, 0, 0, 0, 0, 0, 0, 0, 0, 0, 0, 0, 0, 0, 0, 0, 0, 0, 0, 0, 0, 0, 0]
Iteration 1360 New: [0, 0, 346, 224, 263, 229, 264, 283, 312, 289, 196, 235, 161, 136, 124, 96, 43, 39, 24, 8, 30, 14, 4, 4, 1, 7, 0] diff:[0, 0, -1, 0, 0, 0, 0, 0, 0, 0, 0, 0, 0, 0, 0, 0, 0, 0, 0, 0, 0, 0, 0, 0, 0, 0, 0]
Iteration 1370 New: [0, 0, 340, 224, 263, 229, 264, 283, 312, 289, 196, 235, 161, 136, 124, 96, 43, 39, 24, 8, 30, 14, 4, 4, 1, 7, 0] diff:[0, 0, 1, 0, 0, 0, 0, 0, 0, 0, 0, 0, 0, 0, 0, 0, 0, 0, 0, 0, 0, 0, 0, 0, 0, 0, 0]
Iteration 1380 New: [0, 0, 342, 224, 263, 229, 264, 283, 312, 289, 196, 235, 161, 136, 124, 96, 43, 39, 24, 8, 30, 14, 4, 4, 1, 7, 0] diff:[0, 0, 1, 0, 0, 0, 0, 0, 0, 0, 0, 0, 0, 0, 0, 0, 0, 0, 0, 0, 0, 0, 0, 0, 0, 0, 0]
Iteration 1390 New: [0, 0, 334, 224, 263, 229, 264, 283, 312, 289, 196, 235, 161, 136, 124, 96, 43, 39, 24, 8, 30, 14, 4, 4, 1, 7, 0] diff:[0, 0, -1, 0, 0, 0, 0, 0, 0, 0, 0, 0, 0, 0, 0, 0, 0, 0, 0, 0, 0, 0, 0, 0, 0, 0, 0]
Iteration 1400 New: [0, 0, 338, 224, 263, 229, 264, 283, 312, 289, 196, 235, 161, 136, 124, 96, 43, 39, 24, 8, 30, 14, 4, 4, 1, 7, 0] diff:[0, 0, 1, 0, 0, 0, 0, 0, 0, 0, 0, 0, 0, 0, 0, 0, 0, 0, 0, 0, 0, 0, 0, 0, 0, 0, 0]
Iteration 1410 New: [0, 0, 336, 224, 263, 229, 264, 283, 312, 289, 196, 235, 161, 136, 124, 96, 43, 39, 24, 8, 30, 14, 4, 4, 1, 7, 0] diff:[0, 0, 1, 0, 0, 0, 0, 0, 0, 0, 0, 0, 0, 0, 0, 0, 0, 0, 0, 0, 0, 0, 0, 0, 0, 0, 0]
Iteration 1420 New: [0, 0, 338, 224, 263, 229, 264, 283, 312, 289, 196, 235, 161, 136, 124, 96, 43, 39, 24, 8, 30, 14, 4, 4, 1, 7, 0] diff:[0, 0, 1, 0, 0, 0, 0, 0, 0, 0, 0, 0, 0, 0, 0, 0, 0, 0, 0, 0, 0, 0, 0, 0, 0, 0, 0]
Iteration 1430 New: [0, 0, 340, 224, 263, 229, 264, 283, 312, 289, 196, 235, 161, 136, 124, 96, 43, 39, 24, 8, 30, 14, 4, 4, 1, 7, 0] diff:[0, 0, -1, 0, 0, 0, 0, 0, 0, 0, 0, 0, 0, 0, 0, 0, 0, 0, 0, 0, 0, 0, 0, 0, 0, 0, 0]
Iteration 1440 New: [0, 0, 340, 224, 263, 229, 264, 283, 312, 289, 196, 235, 161, 136, 124, 96, 43, 39, 24, 8, 30, 14, 4, 4, 1, 7, 0] diff:[0, 0, -1, 0, 0, 0, 0, 0, 0, 0, 0, 0, 0, 0, 0, 0, 0, 0, 0, 0, 0, 0, 0, 0, 0, 0, 0]
Iteration 1450 New: [0, 0, 338, 224, 263, 229, 264, 283, 312, 289, 196, 235, 161, 136, 124, 96, 43, 39, 24, 8, 30, 14, 4, 4, 1, 7, 0] diff:[0, 0, -1, 0, 0, 0, 0, 0, 0, 0, 0, 0, 0, 0, 0, 0, 0, 0, 0, 0, 0, 0, 0, 0, 0, 0, 0]
Iteration 1460 New: [0, 0, 334, 224, 263, 229, 264, 283, 312, 289, 196, 235, 161, 136, 124, 96, 43, 39, 24, 8, 30, 14, 4, 4, 1, 7, 0] diff:[0, 0, 1, 0, 0, 0, 0, 0, 0, 0, 0, 0, 0, 0, 0, 0, 0, 0, 0, 0, 0, 0, 0, 0, 0, 0, 0]
Iteration 1470 New: [0, 0, 330, 224, 263, 229, 264, 283, 312, 289, 196, 235, 161, 136, 124, 96, 43, 39, 24, 8, 30, 14, 4, 4, 1, 7, 0] diff:[0, 0, 1, 0, 0, 0, 0, 0, 0, 0, 0, 0, 0, 0, 0, 0, 0, 0, 0, 0, 0, 0, 0, 0, 0, 0, 0]
Iteration 1480 New: [0, 0, 328, 224, 263, 229, 264, 283, 312, 289, 196, 235, 161, 136, 124, 96, 43, 39, 24, 8, 30, 14, 4, 4, 1, 7, 0] diff:[0, 0, -1, 0, 0, 0, 0, 0, 0, 0, 0, 0, 0, 0, 0, 0, 0, 0, 0, 0, 0, 0, 0, 0, 0, 0, 0]
Iteration 1490 New: [0, 0, 334, 224, 263, 229, 264, 283, 312, 289, 196, 235, 161, 136, 124, 96, 43, 39, 24, 8, 30, 14, 4, 4, 1, 7, 0] diff:[0, 0, 1, 0, 0, 0, 0, 0, 0, 0, 0, 0, 0, 0, 0, 0, 0, 0, 0, 0, 0, 0, 0, 0, 0, 0, 0]
Iteration 1500 New: [0, 0, 332, 224, 263, 229, 264, 283, 312, 289, 196, 235, 161, 136, 124, 96, 43, 39, 24, 8, 30, 14, 4, 4, 1, 7, 0] diff:[0, 0, -1, 0, 0, 0, 0, 0, 0, 0, 0, 0, 0, 0, 0, 0, 0, 0, 0, 0, 0, 0, 0, 0, 0, 0, 0]
Iteration 1510 New: [0, 0, 334, 224, 263, 229, 264, 283, 312, 289, 196, 235, 161, 136, 124, 96, 43, 39, 24, 8, 30, 14, 4, 4, 1, 7, 0] diff:[0, 0, 1, 0, 0, 0, 0, 0, 0, 0, 0, 0, 0, 0, 0, 0, 0, 0, 0, 0, 0, 0, 0, 0, 0, 0, 0]
Iteration 1520 New: [0, 0, 334, 224, 263, 229, 264, 283, 312, 289, 196, 235, 161, 136, 124, 96, 43, 39, 24, 8, 30, 14, 4, 4, 1, 7, 0] diff:[0, 0, -1, 0, 0, 0, 0, 0, 0, 0, 0, 0, 0, 0, 0, 0, 0, 0, 0, 0, 0, 0, 0, 0, 0, 0, 0]
Iteration 1530 New: [0, 0, 334, 224, 263, 229, 264, 283, 312, 289, 196, 235, 161, 136, 124, 96, 43, 39, 24, 8, 30, 14, 4, 4, 1, 7, 0] diff:[0, 0, -1, 0, 0, 0, 0, 0, 0, 0, 0, 0, 0, 0, 0, 0, 0, 0, 0, 0, 0, 0, 0, 0, 0, 0, 0]
Iteration 1540 New: [0, 0, 334, 224, 263, 229, 264, 283, 312, 289, 196, 235, 161, 136, 124, 96, 43, 39, 24, 8, 30, 14, 4, 4, 1, 7, 0] diff:[0, 0, -1, 0, 0, 0, 0, 0, 0, 0, 0, 0, 0, 0, 0, 0, 0, 0, 0, 0, 0, 0, 0, 0, 0, 0, 0]
Iteration 1550 New: [0, 0, 336, 224, 263, 229, 264, 283, 312, 289, 196, 235, 161, 136, 124, 96, 43, 39, 24, 8, 30, 14, 4, 4, 1, 7, 0] diff:[0, 0, 1, 0, 0, 0, 0, 0, 0, 0, 0, 0, 0, 0, 0, 0, 0, 0, 0, 0, 0, 0, 0, 0, 0, 0, 0]
Iteration 1560 New: [0, 0, 336, 224, 263, 229, 264, 283, 312, 289, 196, 235, 161, 136, 124, 96, 43, 39, 24, 8, 30, 14, 4, 4, 1, 7, 0] diff:[0, 0, 1, 0, 0, 0, 0, 0, 0, 0, 0, 0, 0, 0, 0, 0, 0, 0, 0, 0, 0, 0, 0, 0, 0, 0, 0]
Iteration 1570 New: [0, 0, 338, 224, 263, 229, 264, 283, 312, 289, 196, 235, 161, 136, 124, 96, 43, 39, 24, 8, 30, 14, 4, 4, 1, 7, 0] diff:[0, 0, 1, 0, 0, 0, 0, 0, 0, 0, 0, 0, 0, 0, 0, 0, 0, 0, 0, 0, 0, 0, 0, 0, 0, 0, 0]
Iteration 1580 New: [0, 0, 338, 224, 263, 229, 264, 283, 312, 289, 196, 235, 161, 136, 124, 96, 43, 39, 24, 8, 30, 14, 4, 4, 1, 7, 0] diff:[0, 0, -1, 0, 0, 0, 0, 0, 0, 0, 0, 0, 0, 0, 0, 0, 0, 0, 0, 0, 0, 0, 0, 0, 0, 0, 0]
Iteration 1590 New: [0, 0, 338, 224, 263, 229, 264, 283, 312, 289, 196, 235, 161, 136, 124, 96, 43, 39, 24, 8, 30, 14, 4, 4, 1, 7, 0] diff:[0, 0, -1, 0, 0, 0, 0, 0, 0, 0, 0, 0, 0, 0, 0, 0, 0, 0, 0, 0, 0, 0, 0, 0, 0, 0, 0]
Iteration 1600 New: [0, 0, 340, 224, 263, 229, 264, 283, 312, 289, 196, 235, 161, 136, 124, 96, 43, 39, 24, 8, 30, 14, 4, 4, 1, 7, 0] diff:[0, 0, -1, 0, 0, 0, 0, 0, 0, 0, 0, 0, 0, 0, 0, 0, 0, 0, 0, 0, 0, 0, 0, 0, 0, 0, 0]
Iteration 1610 New: [0, 0, 334, 224, 263, 229, 264, 283, 312, 289, 196, 235, 161, 136, 124, 96, 43, 39, 24, 8, 30, 14, 4, 4, 1, 7, 0] diff:[0, 0, 1, 0, 0, 0, 0, 0, 0, 0, 0, 0, 0, 0, 0, 0, 0, 0, 0, 0, 0, 0, 0, 0, 0, 0, 0]
Iteration 1620 New: [0, 0, 330, 224, 263, 229, 264, 283, 312, 289, 196, 235, 161, 136, 124, 96, 43, 39, 24, 8, 30, 14, 4, 4, 1, 7, 0] diff:[0, 0, -1, 0, 0, 0, 0, 0, 0, 0, 0, 0, 0, 0, 0, 0, 0, 0, 0, 0, 0, 0, 0, 0, 0, 0, 0]
Iteration 1630 New: [0, 0, 330, 224, 263, 229, 264, 283, 312, 289, 196, 235, 161, 136, 124, 96, 43, 39, 24, 8, 30, 14, 4, 4, 1, 7, 0] diff:[0, 0, 1, 0, 0, 0, 0, 0, 0, 0, 0, 0, 0, 0, 0, 0, 0, 0, 0, 0, 0, 0, 0, 0, 0, 0, 0]
Iteration 1640 New: [0, 0, 330, 224, 263, 229, 264, 283, 312, 289, 196, 235, 161, 136, 124, 96, 43, 39, 24, 8, 30, 14, 4, 4, 1, 7, 0] diff:[0, 0, -1, 0, 0, 0, 0, 0, 0, 0, 0, 0, 0, 0, 0, 0, 0, 0, 0, 0, 0, 0, 0, 0, 0, 0, 0]
Iteration 1650 New: [0, 0, 334, 224, 263, 229, 264, 283, 312, 289, 196, 235, 161, 136, 124, 96, 43, 39, 24, 8, 30, 14, 4, 4, 1, 7, 0] diff:[0, 0, 1, 0, 0, 0, 0, 0, 0, 0, 0, 0, 0, 0, 0, 0, 0, 0, 0, 0, 0, 0, 0, 0, 0, 0, 0]
Iteration 1660 New: [0, 0, 334, 224, 263, 229, 264, 283, 312, 289, 196, 235, 161, 136, 124, 96, 43, 39, 24, 8, 30, 14, 4, 4, 1, 7, 0] diff:[0, 0, 1, 0, 0, 0, 0, 0, 0, 0, 0, 0, 0, 0, 0, 0, 0, 0, 0, 0, 0, 0, 0, 0, 0, 0, 0]
Iteration 1670 New: [0, 0, 338, 224, 263, 229, 264, 283, 312, 289, 196, 235, 161, 136, 124, 96, 43, 39, 24, 8, 30, 14, 4, 4, 1, 7, 0] diff:[0, 0, 1, 0, 0, 0, 0, 0, 0, 0, 0, 0, 0, 0, 0, 0, 0, 0, 0, 0, 0, 0, 0, 0, 0, 0, 0]
Iteration 1680 New: [0, 0, 336, 224, 263, 229, 264, 283, 312, 289, 196, 235, 161, 136, 124, 96, 43, 39, 24, 8, 30, 14, 4, 4, 1, 7, 0] diff:[0, 0, 1, 0, 0, 0, 0, 0, 0, 0, 0, 0, 0, 0, 0, 0, 0, 0, 0, 0, 0, 0, 0, 0, 0, 0, 0]
Iteration 1690 New: [0, 0, 338, 224, 263, 229, 264, 283, 312, 289, 196, 235, 161, 136, 124, 96, 43, 39, 24, 8, 30, 14, 4, 4, 1, 7, 0] diff:[0, 0, 1, 0, 0, 0, 0, 0, 0, 0, 0, 0, 0, 0, 0, 0, 0, 0, 0, 0, 0, 0, 0, 0, 0, 0, 0]
Iteration 1700 New: [0, 0, 340, 224, 263, 229, 264, 283, 312, 289, 196, 235, 161, 136, 124, 96, 43, 39, 24, 8, 30, 14, 4, 4, 1, 7, 0] diff:[0, 0, 1, 0, 0, 0, 0, 0, 0, 0, 0, 0, 0, 0, 0, 0, 0, 0, 0, 0, 0, 0, 0, 0, 0, 0, 0]
Iteration 1710 New: [0, 0, 342, 224, 263, 229, 264, 283, 312, 289, 196, 235, 161, 136, 124, 96, 43, 39, 24, 8, 30, 14, 4, 4, 1, 7, 0] diff:[0, 0, -1, 0, 0, 0, 0, 0, 0, 0, 0, 0, 0, 0, 0, 0, 0, 0, 0, 0, 0, 0, 0, 0, 0, 0, 0]
Iteration 1720 New: [0, 0, 346, 224, 263, 229, 264, 283, 312, 289, 196, 235, 161, 136, 124, 96, 43, 39, 24, 8, 30, 14, 4, 4, 1, 7, 0] diff:[0, 0, 1, 0, 0, 0, 0, 0, 0, 0, 0, 0, 0, 0, 0, 0, 0, 0, 0, 0, 0, 0, 0, 0, 0, 0, 0]
Iteration 1730 New: [0, 0, 346, 224, 263, 229, 264, 283, 312, 289, 196, 235, 161, 136, 124, 96, 43, 39, 24, 8, 30, 14, 4, 4, 1, 7, 0] diff:[0, 0, 1, 0, 0, 0, 0, 0, 0, 0, 0, 0, 0, 0, 0, 0, 0, 0, 0, 0, 0, 0, 0, 0, 0, 0, 0]
Iteration 1740 New: [0, 0, 348, 224, 263, 229, 264, 283, 312, 289, 196, 235, 161, 136, 124, 96, 43, 39, 24, 8, 30, 14, 4, 4, 1, 7, 0] diff:[0, 0, 1, 0, 0, 0, 0, 0, 0, 0, 0, 0, 0, 0, 0, 0, 0, 0, 0, 0, 0, 0, 0, 0, 0, 0, 0]
Iteration 1750 New: [0, 0, 352, 224, 263, 229, 264, 283, 312, 289, 196, 235, 161, 136, 124, 96, 43, 39, 24, 8, 30, 14, 4, 4, 1, 7, 0] diff:[0, 0, -1, 0, 0, 0, 0, 0, 0, 0, 0, 0, 0, 0, 0, 0, 0, 0, 0, 0, 0, 0, 0, 0, 0, 0, 0]
Iteration 1760 New: [0, 0, 354, 224, 263, 229, 264, 283, 312, 289, 196, 235, 161, 136, 124, 96, 43, 39, 24, 8, 30, 14, 4, 4, 1, 7, 0] diff:[0, 0, 1, 0, 0, 0, 0, 0, 0, 0, 0, 0, 0, 0, 0, 0, 0, 0, 0, 0, 0, 0, 0, 0, 0, 0, 0]
Iteration 1770 New: [0, 0, 354, 224, 263, 229, 264, 283, 312, 289, 196, 235, 161, 136, 124, 96, 43, 39, 24, 8, 30, 14, 4, 4, 1, 7, 0] diff:[0, 0, 1, 0, 0, 0, 0, 0, 0, 0, 0, 0, 0, 0, 0, 0, 0, 0, 0, 0, 0, 0, 0, 0, 0, 0, 0]
Iteration 1780 New: [0, 0, 356, 224, 263, 229, 264, 283, 312, 289, 196, 235, 161, 136, 124, 96, 43, 39, 24, 8, 30, 14, 4, 4, 1, 7, 0] diff:[0, 0, -1, 0, 0, 0, 0, 0, 0, 0, 0, 0, 0, 0, 0, 0, 0, 0, 0, 0, 0, 0, 0, 0, 0, 0, 0]
Iteration 1790 New: [0, 0, 358, 224, 263, 229, 264, 283, 312, 289, 196, 235, 161, 136, 124, 96, 43, 39, 24, 8, 30, 14, 4, 4, 1, 7, 0] diff:[0, 0, 1, 0, 0, 0, 0, 0, 0, 0, 0, 0, 0, 0, 0, 0, 0, 0, 0, 0, 0, 0, 0, 0, 0, 0, 0]
Iteration 1800 New: [0, 0, 360, 224, 263, 229, 264, 283, 312, 289, 196, 235, 161, 136, 124, 96, 43, 39, 24, 8, 30, 14, 4, 4, 1, 7, 0] diff:[0, 0, 1, 0, 0, 0, 0, 0, 0, 0, 0, 0, 0, 0, 0, 0, 0, 0, 0, 0, 0, 0, 0, 0, 0, 0, 0]
Iteration 1810 New: [0, 0, 360, 224, 263, 229, 264, 283, 312, 289, 196, 235, 161, 136, 124, 96, 43, 39, 24, 8, 30, 14, 4, 4, 1, 7, 0] diff:[0, 0, -1, 0, 0, 0, 0, 0, 0, 0, 0, 0, 0, 0, 0, 0, 0, 0, 0, 0, 0, 0, 0, 0, 0, 0, 0]
Iteration 1820 New: [0, 0, 358, 224, 263, 229, 264, 283, 312, 289, 196, 235, 161, 136, 124, 96, 43, 39, 24, 8, 30, 14, 4, 4, 1, 7, 0] diff:[0, 0, 1, 0, 0, 0, 0, 0, 0, 0, 0, 0, 0, 0, 0, 0, 0, 0, 0, 0, 0, 0, 0, 0, 0, 0, 0]
Iteration 1830 New: [0, 0, 352, 224, 263, 229, 264, 283, 312, 289, 196, 235, 161, 136, 124, 96, 43, 39, 24, 8, 30, 14, 4, 4, 1, 7, 0] diff:[0, 0, -1, 0, 0, 0, 0, 0, 0, 0, 0, 0, 0, 0, 0, 0, 0, 0, 0, 0, 0, 0, 0, 0, 0, 0, 0]
Iteration 1840 New: [0, 0, 346, 224, 263, 229, 264, 283, 312, 289, 196, 235, 161, 136, 124, 96, 43, 39, 24, 8, 30, 14, 4, 4, 1, 7, 0] diff:[0, 0, -1, 0, 0, 0, 0, 0, 0, 0, 0, 0, 0, 0, 0, 0, 0, 0, 0, 0, 0, 0, 0, 0, 0, 0, 0]
Iteration 1850 New: [0, 0, 348, 224, 263, 229, 264, 283, 312, 289, 196, 235, 161, 136, 124, 96, 43, 39, 24, 8, 30, 14, 4, 4, 1, 7, 0] diff:[0, 0, -1, 0, 0, 0, 0, 0, 0, 0, 0, 0, 0, 0, 0, 0, 0, 0, 0, 0, 0, 0, 0, 0, 0, 0, 0]
Iteration 1860 New: [0, 0, 348, 224, 263, 229, 264, 283, 312, 289, 196, 235, 161, 136, 124, 96, 43, 39, 24, 8, 30, 14, 4, 4, 1, 7, 0] diff:[0, 0, -1, 0, 0, 0, 0, 0, 0, 0, 0, 0, 0, 0, 0, 0, 0, 0, 0, 0, 0, 0, 0, 0, 0, 0, 0]
Iteration 1870 New: [0, 0, 354, 224, 263, 229, 264, 283, 312, 289, 196, 235, 161, 136, 124, 96, 43, 39, 24, 8, 30, 14, 4, 4, 1, 7, 0] diff:[0, 0, 1, 0, 0, 0, 0, 0, 0, 0, 0, 0, 0, 0, 0, 0, 0, 0, 0, 0, 0, 0, 0, 0, 0, 0, 0]
Iteration 1880 New: [0, 0, 346, 224, 263, 229, 264, 283, 312, 289, 196, 235, 161, 136, 124, 96, 43, 39, 24, 8, 30, 14, 4, 4, 1, 7, 0] diff:[0, 0, -1, 0, 0, 0, 0, 0, 0, 0, 0, 0, 0, 0, 0, 0, 0, 0, 0, 0, 0, 0, 0, 0, 0, 0, 0]
Iteration 1890 New: [0, 0, 352, 224, 263, 229, 264, 283, 312, 289, 196, 235, 161, 136, 124, 96, 43, 39, 24, 8, 30, 14, 4, 4, 1, 7, 0] diff:[0, 0, 1, 0, 0, 0, 0, 0, 0, 0, 0, 0, 0, 0, 0, 0, 0, 0, 0, 0, 0, 0, 0, 0, 0, 0, 0]
Iteration 1900 New: [0, 0, 352, 224, 263, 229, 264, 283, 312, 289, 196, 235, 161, 136, 124, 96, 43, 39, 24, 8, 30, 14, 4, 4, 1, 7, 0] diff:[0, 0, 1, 0, 0, 0, 0, 0, 0, 0, 0, 0, 0, 0, 0, 0, 0, 0, 0, 0, 0, 0, 0, 0, 0, 0, 0]
Iteration 1910 New: [0, 0, 352, 224, 263, 229, 264, 283, 312, 289, 196, 235, 161, 136, 124, 96, 43, 39, 24, 8, 30, 14, 4, 4, 1, 7, 0] diff:[0, 0, 1, 0, 0, 0, 0, 0, 0, 0, 0, 0, 0, 0, 0, 0, 0, 0, 0, 0, 0, 0, 0, 0, 0, 0, 0]
Iteration 1920 New: [0, 0, 348, 224, 263, 229, 264, 283, 312, 289, 196, 235, 161, 136, 124, 96, 43, 39, 24, 8, 30, 14, 4, 4, 1, 7, 0] diff:[0, 0, 1, 0, 0, 0, 0, 0, 0, 0, 0, 0, 0, 0, 0, 0, 0, 0, 0, 0, 0, 0, 0, 0, 0, 0, 0]
Iteration 1930 New: [0, 0, 346, 224, 263, 229, 264, 283, 312, 289, 196, 235, 161, 136, 124, 96, 43, 39, 24, 8, 30, 14, 4, 4, 1, 7, 0] diff:[0, 0, -1, 0, 0, 0, 0, 0, 0, 0, 0, 0, 0, 0, 0, 0, 0, 0, 0, 0, 0, 0, 0, 0, 0, 0, 0]
Iteration 1940 New: [0, 0, 342, 224, 263, 229, 264, 283, 312, 289, 196, 235, 161, 136, 124, 96, 43, 39, 24, 8, 30, 14, 4, 4, 1, 7, 0] diff:[0, 0, 1, 0, 0, 0, 0, 0, 0, 0, 0, 0, 0, 0, 0, 0, 0, 0, 0, 0, 0, 0, 0, 0, 0, 0, 0]
Iteration 1950 New: [0, 0, 342, 224, 263, 229, 264, 283, 312, 289, 196, 235, 161, 136, 124, 96, 43, 39, 24, 8, 30, 14, 4, 4, 1, 7, 0] diff:[0, 0, 1, 0, 0, 0, 0, 0, 0, 0, 0, 0, 0, 0, 0, 0, 0, 0, 0, 0, 0, 0, 0, 0, 0, 0, 0]
Iteration 1960 New: [0, 0, 340, 224, 263, 229, 264, 283, 312, 289, 196, 235, 161, 136, 124, 96, 43, 39, 24, 8, 30, 14, 4, 4, 1, 7, 0] diff:[0, 0, -1, 0, 0, 0, 0, 0, 0, 0, 0, 0, 0, 0, 0, 0, 0, 0, 0, 0, 0, 0, 0, 0, 0, 0, 0]
Iteration 1970 New: [0, 0, 338, 224, 263, 229, 264, 283, 312, 289, 196, 235, 161, 136, 124, 96, 43, 39, 24, 8, 30, 14, 4, 4, 1, 7, 0] diff:[0, 0, -1, 0, 0, 0, 0, 0, 0, 0, 0, 0, 0, 0, 0, 0, 0, 0, 0, 0, 0, 0, 0, 0, 0, 0, 0]
Iteration 1980 New: [0, 0, 336, 224, 263, 229, 264, 283, 312, 289, 196, 235, 161, 136, 124, 96, 43, 39, 24, 8, 30, 14, 4, 4, 1, 7, 0] diff:[0, 0, -1, 0, 0, 0, 0, 0, 0, 0, 0, 0, 0, 0, 0, 0, 0, 0, 0, 0, 0, 0, 0, 0, 0, 0, 0]
Iteration 1990 New: [0, 0, 334, 224, 263, 229, 264, 283, 312, 289, 196, 235, 161, 136, 124, 96, 43, 39, 24, 8, 30, 14, 4, 4, 1, 7, 0] diff:[0, 0, -1, 0, 0, 0, 0, 0, 0, 0, 0, 0, 0, 0, 0, 0, 0, 0, 0, 0, 0, 0, 0, 0, 0, 0, 0]
Iteration 2000 New: [0, 0, 334, 224, 263, 229, 264, 283, 312, 289, 196, 235, 161, 136, 124, 96, 43, 39, 24, 8, 30, 14, 4, 4, 1, 7, 0] diff:[0, 0, -1, 0, 0, 0, 0, 0, 0, 0, 0, 0, 0, 0, 0, 0, 0, 0, 0, 0, 0, 0, 0, 0, 0, 0, 0]
Iteration 2010 New: [0, 0, 334, 224, 263, 229, 264, 283, 312, 289, 196, 235, 161, 136, 124, 96, 43, 39, 24, 8, 30, 14, 4, 4, 1, 7, 0] diff:[0, 0, -1, 0, 0, 0, 0, 0, 0, 0, 0, 0, 0, 0, 0, 0, 0, 0, 0, 0, 0, 0, 0, 0, 0, 0, 0]
Iteration 2020 New: [0, 0, 338, 224, 263, 229, 264, 283, 312, 289, 196, 235, 161, 136, 124, 96, 43, 39, 24, 8, 30, 14, 4, 4, 1, 7, 0] diff:[0, 0, 1, 0, 0, 0, 0, 0, 0, 0, 0, 0, 0, 0, 0, 0, 0, 0, 0, 0, 0, 0, 0, 0, 0, 0, 0]
Iteration 2030 New: [0, 0, 340, 224, 263, 229, 264, 283, 312, 289, 196, 235, 161, 136, 124, 96, 43, 39, 24, 8, 30, 14, 4, 4, 1, 7, 0] diff:[0, 0, 1, 0, 0, 0, 0, 0, 0, 0, 0, 0, 0, 0, 0, 0, 0, 0, 0, 0, 0, 0, 0, 0, 0, 0, 0]
Iteration 2040 New: [0, 0, 344, 224, 263, 229, 264, 283, 312, 289, 196, 235, 161, 136, 124, 96, 43, 39, 24, 8, 30, 14, 4, 4, 1, 7, 0] diff:[0, 0, 1, 0, 0, 0, 0, 0, 0, 0, 0, 0, 0, 0, 0, 0, 0, 0, 0, 0, 0, 0, 0, 0, 0, 0, 0]
Iteration 2050 New: [0, 0, 340, 224, 263, 229, 264, 283, 312, 289, 196, 235, 161, 136, 124, 96, 43, 39, 24, 8, 30, 14, 4, 4, 1, 7, 0] diff:[0, 0, -1, 0, 0, 0, 0, 0, 0, 0, 0, 0, 0, 0, 0, 0, 0, 0, 0, 0, 0, 0, 0, 0, 0, 0, 0]
Iteration 2060 New: [0, 0, 340, 224, 263, 229, 264, 283, 312, 289, 196, 235, 161, 136, 124, 96, 43, 39, 24, 8, 30, 14, 4, 4, 1, 7, 0] diff:[0, 0, 1, 0, 0, 0, 0, 0, 0, 0, 0, 0, 0, 0, 0, 0, 0, 0, 0, 0, 0, 0, 0, 0, 0, 0, 0]
Iteration 2070 New: [0, 0, 340, 224, 263, 229, 264, 283, 312, 289, 196, 235, 161, 136, 124, 96, 43, 39, 24, 8, 30, 14, 4, 4, 1, 7, 0] diff:[0, 0, 1, 0, 0, 0, 0, 0, 0, 0, 0, 0, 0, 0, 0, 0, 0, 0, 0, 0, 0, 0, 0, 0, 0, 0, 0]
Iteration 2080 New: [0, 0, 336, 224, 263, 229, 264, 283, 312, 289, 196, 235, 161, 136, 124, 96, 43, 39, 24, 8, 30, 14, 4, 4, 1, 7, 0] diff:[0, 0, -1, 0, 0, 0, 0, 0, 0, 0, 0, 0, 0, 0, 0, 0, 0, 0, 0, 0, 0, 0, 0, 0, 0, 0, 0]
Iteration 2090 New: [0, 0, 336, 224, 263, 229, 264, 283, 312, 289, 196, 235, 161, 136, 124, 96, 43, 39, 24, 8, 30, 14, 4, 4, 1, 7, 0] diff:[0, 0, 1, 0, 0, 0, 0, 0, 0, 0, 0, 0, 0, 0, 0, 0, 0, 0, 0, 0, 0, 0, 0, 0, 0, 0, 0]
Iteration 2100 New: [0, 0, 338, 224, 263, 229, 264, 283, 312, 289, 196, 235, 161, 136, 124, 96, 43, 39, 24, 8, 30, 14, 4, 4, 1, 7, 0] diff:[0, 0, 1, 0, 0, 0, 0, 0, 0, 0, 0, 0, 0, 0, 0, 0, 0, 0, 0, 0, 0, 0, 0, 0, 0, 0, 0]
Iteration 2110 New: [0, 0, 340, 224, 263, 229, 264, 283, 312, 289, 196, 235, 161, 136, 124, 96, 43, 39, 24, 8, 30, 14, 4, 4, 1, 7, 0] diff:[0, 0, 1, 0, 0, 0, 0, 0, 0, 0, 0, 0, 0, 0, 0, 0, 0, 0, 0, 0, 0, 0, 0, 0, 0, 0, 0]
Iteration 2120 New: [0, 0, 340, 224, 263, 229, 264, 283, 312, 289, 196, 235, 161, 136, 124, 96, 43, 39, 24, 8, 30, 14, 4, 4, 1, 7, 0] diff:[0, 0, 1, 0, 0, 0, 0, 0, 0, 0, 0, 0, 0, 0, 0, 0, 0, 0, 0, 0, 0, 0, 0, 0, 0, 0, 0]
Iteration 2130 New: [0, 0, 334, 224, 263, 229, 264, 283, 312, 289, 196, 235, 161, 136, 124, 96, 43, 39, 24, 8, 30, 14, 4, 4, 1, 7, 0] diff:[0, 0, -1, 0, 0, 0, 0, 0, 0, 0, 0, 0, 0, 0, 0, 0, 0, 0, 0, 0, 0, 0, 0, 0, 0, 0, 0]
Iteration 2140 New: [0, 0, 336, 224, 263, 229, 264, 283, 312, 289, 196, 235, 161, 136, 124, 96, 43, 39, 24, 8, 30, 14, 4, 4, 1, 7, 0] diff:[0, 0, 1, 0, 0, 0, 0, 0, 0, 0, 0, 0, 0, 0, 0, 0, 0, 0, 0, 0, 0, 0, 0, 0, 0, 0, 0]
Iteration 2150 New: [0, 0, 338, 224, 263, 229, 264, 283, 312, 289, 196, 235, 161, 136, 124, 96, 43, 39, 24, 8, 30, 14, 4, 4, 1, 7, 0] diff:[0, 0, -1, 0, 0, 0, 0, 0, 0, 0, 0, 0, 0, 0, 0, 0, 0, 0, 0, 0, 0, 0, 0, 0, 0, 0, 0]
Iteration 2160 New: [0, 0, 338, 224, 263, 229, 264, 283, 312, 289, 196, 235, 161, 136, 124, 96, 43, 39, 24, 8, 30, 14, 4, 4, 1, 7, 0] diff:[0, 0, 1, 0, 0, 0, 0, 0, 0, 0, 0, 0, 0, 0, 0, 0, 0, 0, 0, 0, 0, 0, 0, 0, 0, 0, 0]
Iteration 2170 New: [0, 0, 340, 224, 263, 229, 264, 283, 312, 289, 196, 235, 161, 136, 124, 96, 43, 39, 24, 8, 30, 14, 4, 4, 1, 7, 0] diff:[0, 0, -1, 0, 0, 0, 0, 0, 0, 0, 0, 0, 0, 0, 0, 0, 0, 0, 0, 0, 0, 0, 0, 0, 0, 0, 0]
Iteration 2180 New: [0, 0, 340, 224, 263, 229, 264, 283, 312, 289, 196, 235, 161, 136, 124, 96, 43, 39, 24, 8, 30, 14, 4, 4, 1, 7, 0] diff:[0, 0, 1, 0, 0, 0, 0, 0, 0, 0, 0, 0, 0, 0, 0, 0, 0, 0, 0, 0, 0, 0, 0, 0, 0, 0, 0]
Iteration 2190 New: [0, 0, 344, 224, 263, 229, 264, 283, 312, 289, 196, 235, 161, 136, 124, 96, 43, 39, 24, 8, 30, 14, 4, 4, 1, 7, 0] diff:[0, 0, 1, 0, 0, 0, 0, 0, 0, 0, 0, 0, 0, 0, 0, 0, 0, 0, 0, 0, 0, 0, 0, 0, 0, 0, 0]
Iteration 2200 New: [0, 0, 342, 224, 263, 229, 264, 283, 312, 289, 196, 235, 161, 136, 124, 96, 43, 39, 24, 8, 30, 14, 4, 4, 1, 7, 0] diff:[0, 0, -1, 0, 0, 0, 0, 0, 0, 0, 0, 0, 0, 0, 0, 0, 0, 0, 0, 0, 0, 0, 0, 0, 0, 0, 0]
Iteration 2210 New: [0, 0, 340, 224, 263, 229, 264, 283, 312, 289, 196, 235, 161, 136, 124, 96, 43, 39, 24, 8, 30, 14, 4, 4, 1, 7, 0] diff:[0, 0, -1, 0, 0, 0, 0, 0, 0, 0, 0, 0, 0, 0, 0, 0, 0, 0, 0, 0, 0, 0, 0, 0, 0, 0, 0]
Iteration 2220 New: [0, 0, 338, 224, 263, 229, 264, 283, 312, 289, 196, 235, 161, 136, 124, 96, 43, 39, 24, 8, 30, 14, 4, 4, 1, 7, 0] diff:[0, 0, -1, 0, 0, 0, 0, 0, 0, 0, 0, 0, 0, 0, 0, 0, 0, 0, 0, 0, 0, 0, 0, 0, 0, 0, 0]
Iteration 2230 New: [0, 0, 336, 224, 263, 229, 264, 283, 312, 289, 196, 235, 161, 136, 124, 96, 43, 39, 24, 8, 30, 14, 4, 4, 1, 7, 0] diff:[0, 0, 1, 0, 0, 0, 0, 0, 0, 0, 0, 0, 0, 0, 0, 0, 0, 0, 0, 0, 0, 0, 0, 0, 0, 0, 0]
Iteration 2240 New: [0, 0, 340, 224, 263, 229, 264, 283, 312, 289, 196, 235, 161, 136, 124, 96, 43, 39, 24, 8, 30, 14, 4, 4, 1, 7, 0] diff:[0, 0, 1, 0, 0, 0, 0, 0, 0, 0, 0, 0, 0, 0, 0, 0, 0, 0, 0, 0, 0, 0, 0, 0, 0, 0, 0]
Iteration 2250 New: [0, 0, 338, 224, 263, 229, 264, 283, 312, 289, 196, 235, 161, 136, 124, 96, 43, 39, 24, 8, 30, 14, 4, 4, 1, 7, 0] diff:[0, 0, 1, 0, 0, 0, 0, 0, 0, 0, 0, 0, 0, 0, 0, 0, 0, 0, 0, 0, 0, 0, 0, 0, 0, 0, 0]
Iteration 2260 New: [0, 0, 334, 224, 263, 229, 264, 283, 312, 289, 196, 235, 161, 136, 124, 96, 43, 39, 24, 8, 30, 14, 4, 4, 1, 7, 0] diff:[0, 0, -1, 0, 0, 0, 0, 0, 0, 0, 0, 0, 0, 0, 0, 0, 0, 0, 0, 0, 0, 0, 0, 0, 0, 0, 0]
Iteration 2270 New: [0, 0, 334, 224, 263, 229, 264, 283, 312, 289, 196, 235, 161, 136, 124, 96, 43, 39, 24, 8, 30, 14, 4, 4, 1, 5, 0] diff:[0, 0, -1, 0, 0, 0, 0, 0, 0, 0, 0, 0, 0, 0, 0, 0, 0, 0, 0, 0, 0, 0, 0, 0, 0, 0, 0]
Iteration 2280 New: [0, 0, 338, 224, 263, 229, 264, 283, 312, 289, 196, 235, 161, 136, 124, 96, 43, 39, 24, 8, 30, 14, 4, 4, 1, 5, 0] diff:[0, 0, 1, 0, 0, 0, 0, 0, 0, 0, 0, 0, 0, 0, 0, 0, 0, 0, 0, 0, 0, 0, 0, 0, 0, 0, 0]
Iteration 2290 New: [0, 0, 338, 224, 263, 229, 264, 283, 312, 289, 196, 235, 161, 136, 124, 96, 43, 39, 24, 8, 30, 14, 4, 4, 1, 5, 0] diff:[0, 0, -1, 0, 0, 0, 0, 0, 0, 0, 0, 0, 0, 0, 0, 0, 0, 0, 0, 0, 0, 0, 0, 0, 0, 0, 0]
Iteration 2300 New: [0, 0, 344, 224, 263, 229, 264, 283, 312, 289, 196, 235, 161, 136, 124, 96, 43, 39, 24, 8, 30, 14, 4, 4, 1, 5, 0] diff:[0, 0, 1, 0, 0, 0, 0, 0, 0, 0, 0, 0, 0, 0, 0, 0, 0, 0, 0, 0, 0, 0, 0, 0, 0, 0, 0]
Iteration 2310 New: [0, 0, 348, 224, 263, 229, 264, 283, 312, 289, 196, 235, 161, 136, 124, 96, 43, 39, 24, 8, 30, 14, 4, 4, 1, 5, 0] diff:[0, 0, -1, 0, 0, 0, 0, 0, 0, 0, 0, 0, 0, 0, 0, 0, 0, 0, 0, 0, 0, 0, 0, 0, 0, 0, 0]
Iteration 2320 New: [0, 0, 350, 224, 263, 229, 264, 283, 312, 289, 196, 235, 161, 136, 124, 96, 43, 39, 24, 8, 30, 14, 4, 4, 1, 5, 0] diff:[0, 0, -1, 0, 0, 0, 0, 0, 0, 0, 0, 0, 0, 0, 0, 0, 0, 0, 0, 0, 0, 0, 0, 0, 0, 0, 0]
Iteration 2330 New: [0, 0, 346, 224, 263, 229, 264, 283, 312, 289, 196, 235, 161, 136, 124, 96, 43, 39, 24, 8, 30, 14, 4, 4, 1, 5, 0] diff:[0, 0, 1, 0, 0, 0, 0, 0, 0, 0, 0, 0, 0, 0, 0, 0, 0, 0, 0, 0, 0, 0, 0, 0, 0, 0, 0]
Iteration 2340 New: [0, 0, 348, 224, 263, 229, 264, 283, 312, 289, 196, 235, 161, 136, 124, 96, 43, 39, 24, 8, 30, 14, 4, 4, 1, 5, 0] diff:[0, 0, 1, 0, 0, 0, 0, 0, 0, 0, 0, 0, 0, 0, 0, 0, 0, 0, 0, 0, 0, 0, 0, 0, 0, 0, 0]
Iteration 2350 New: [0, 0, 348, 224, 263, 229, 264, 283, 312, 289, 196, 235, 161, 136, 124, 96, 43, 39, 24, 8, 30, 14, 4, 4, 1, 5, 0] diff:[0, 0, 1, 0, 0, 0, 0, 0, 0, 0, 0, 0, 0, 0, 0, 0, 0, 0, 0, 0, 0, 0, 0, 0, 0, 0, 0]
Iteration 2360 New: [0, 0, 346, 224, 263, 229, 264, 283, 312, 289, 196, 235, 161, 136, 124, 96, 43, 39, 24, 8, 30, 14, 4, 4, 1, 5, 0] diff:[0, 0, 1, 0, 0, 0, 0, 0, 0, 0, 0, 0, 0, 0, 0, 0, 0, 0, 0, 0, 0, 0, 0, 0, 0, 0, 0]
Iteration 2370 New: [0, 0, 344, 224, 263, 229, 264, 283, 312, 289, 196, 235, 161, 136, 124, 96, 43, 39, 24, 8, 30, 14, 4, 4, 1, 5, 0] diff:[0, 0, 1, 0, 0, 0, 0, 0, 0, 0, 0, 0, 0, 0, 0, 0, 0, 0, 0, 0, 0, 0, 0, 0, 0, 0, 0]
Iteration 2380 New: [0, 0, 342, 224, 263, 229, 264, 283, 312, 289, 196, 235, 161, 136, 124, 96, 43, 39, 24, 8, 30, 14, 4, 4, 1, 5, 0] diff:[0, 0, 1, 0, 0, 0, 0, 0, 0, 0, 0, 0, 0, 0, 0, 0, 0, 0, 0, 0, 0, 0, 0, 0, 0, 0, 0]
Iteration 2390 New: [0, 0, 342, 224, 263, 229, 264, 283, 312, 289, 196, 235, 161, 136, 124, 96, 43, 39, 24, 8, 30, 14, 4, 4, 1, 5, 0] diff:[0, 0, 1, 0, 0, 0, 0, 0, 0, 0, 0, 0, 0, 0, 0, 0, 0, 0, 0, 0, 0, 0, 0, 0, 0, 0, 0]
Iteration 2400 New: [0, 0, 340, 224, 263, 229, 264, 283, 312, 289, 196, 235, 161, 136, 124, 96, 43, 39, 24, 8, 30, 14, 4, 4, 1, 5, 0] diff:[0, 0, -1, 0, 0, 0, 0, 0, 0, 0, 0, 0, 0, 0, 0, 0, 0, 0, 0, 0, 0, 0, 0, 0, 0, 0, 0]
Iteration 2410 New: [0, 0, 338, 224, 263, 229, 264, 283, 312, 289, 196, 235, 161, 136, 124, 96, 43, 39, 24, 8, 30, 14, 4, 4, 1, 5, 0] diff:[0, 0, -1, 0, 0, 0, 0, 0, 0, 0, 0, 0, 0, 0, 0, 0, 0, 0, 0, 0, 0, 0, 0, 0, 0, 0, 0]
Iteration 2420 New: [0, 0, 340, 224, 263, 229, 264, 283, 312, 289, 196, 235, 161, 136, 124, 96, 43, 39, 24, 8, 30, 14, 4, 4, 1, 5, 0] diff:[0, 0, 1, 0, 0, 0, 0, 0, 0, 0, 0, 0, 0, 0, 0, 0, 0, 0, 0, 0, 0, 0, 0, 0, 0, 0, 0]
Iteration 2430 New: [0, 0, 342, 224, 263, 229, 264, 283, 312, 289, 196, 235, 161, 136, 124, 96, 43, 39, 24, 8, 30, 14, 4, 4, 1, 5, 0] diff:[0, 0, -1, 0, 0, 0, 0, 0, 0, 0, 0, 0, 0, 0, 0, 0, 0, 0, 0, 0, 0, 0, 0, 0, 0, 0, 0]
Iteration 2440 New: [0, 0, 340, 224, 263, 229, 264, 283, 312, 289, 196, 235, 161, 136, 124, 96, 43, 39, 24, 8, 30, 14, 4, 4, 1, 5, 0] diff:[0, 0, 1, 0, 0, 0, 0, 0, 0, 0, 0, 0, 0, 0, 0, 0, 0, 0, 0, 0, 0, 0, 0, 0, 0, 0, 0]
Iteration 2450 New: [0, 0, 338, 224, 263, 229, 264, 283, 312, 289, 196, 235, 161, 136, 124, 96, 43, 39, 24, 8, 30, 14, 4, 4, 1, 5, 0] diff:[0, 0, 1, 0, 0, 0, 0, 0, 0, 0, 0, 0, 0, 0, 0, 0, 0, 0, 0, 0, 0, 0, 0, 0, 0, 0, 0]
Iteration 2460 New: [0, 0, 341, 224, 263, 229, 264, 283, 312, 289, 196, 235, 161, 136, 124, 96, 43, 39, 24, 8, 30, 14, 4, 4, 1, 4, 0] diff:[0, 0, 1, 0, 0, 0, 0, 0, 0, 0, 0, 0, 0, 0, 0, 0, 0, 0, 0, 0, 0, 0, 0, 0, 0, 0, 0]
Iteration 2470 New: [0, 0, 339, 224, 263, 229, 264, 283, 312, 289, 196, 235, 161, 136, 124, 96, 43, 39, 24, 8, 30, 14, 4, 4, 1, 4, 0] diff:[0, 0, -1, 0, 0, 0, 0, 0, 0, 0, 0, 0, 0, 0, 0, 0, 0, 0, 0, 0, 0, 0, 0, 0, 0, 0, 0]
Iteration 2480 New: [0, 0, 343, 224, 263, 229, 264, 283, 312, 289, 196, 235, 161, 136, 124, 96, 43, 39, 24, 8, 30, 14, 4, 4, 1, 4, 0] diff:[0, 0, -1, 0, 0, 0, 0, 0, 0, 0, 0, 0, 0, 0, 0, 0, 0, 0, 0, 0, 0, 0, 0, 0, 0, 0, 0]
Iteration 2490 New: [0, 0, 343, 224, 263, 229, 264, 283, 312, 289, 196, 235, 161, 136, 124, 96, 43, 39, 24, 8, 30, 14, 4, 4, 1, 4, 0] diff:[0, 0, -1, 0, 0, 0, 0, 0, 0, 0, 0, 0, 0, 0, 0, 0, 0, 0, 0, 0, 0, 0, 0, 0, 0, 0, 0]
Iteration 2500 New: [0, 0, 337, 224, 263, 229, 264, 283, 312, 289, 196, 235, 161, 136, 124, 96, 43, 39, 24, 8, 30, 14, 4, 4, 1, 4, 0] diff:[0, 0, -1, 0, 0, 0, 0, 0, 0, 0, 0, 0, 0, 0, 0, 0, 0, 0, 0, 0, 0, 0, 0, 0, 0, 0, 0]
Iteration 2510 New: [0, 0, 339, 224, 263, 229, 264, 283, 312, 289, 196, 235, 161, 136, 124, 96, 43, 39, 24, 8, 30, 14, 4, 4, 1, 4, 0] diff:[0, 0, -1, 0, 0, 0, 0, 0, 0, 0, 0, 0, 0, 0, 0, 0, 0, 0, 0, 0, 0, 0, 0, 0, 0, 0, 0]
Iteration 2520 New: [0, 0, 337, 224, 263, 229, 264, 283, 312, 289, 196, 235, 161, 136, 124, 96, 43, 39, 24, 8, 30, 14, 4, 4, 1, 4, 0] diff:[0, 0, 1, 0, 0, 0, 0, 0, 0, 0, 0, 0, 0, 0, 0, 0, 0, 0, 0, 0, 0, 0, 0, 0, 0, 0, 0]
Iteration 2530 New: [0, 0, 337, 224, 263, 229, 264, 283, 312, 289, 196, 235, 161, 136, 124, 96, 43, 39, 24, 8, 30, 14, 4, 4, 1, 4, 0] diff:[0, 0, -1, 0, 0, 0, 0, 0, 0, 0, 0, 0, 0, 0, 0, 0, 0, 0, 0, 0, 0, 0, 0, 0, 0, 0, 0]
Iteration 2540 New: [0, 0, 339, 224, 263, 229, 264, 283, 312, 289, 196, 235, 161, 136, 124, 96, 43, 39, 24, 8, 30, 14, 4, 4, 1, 4, 0] diff:[0, 0, 1, 0, 0, 0, 0, 0, 0, 0, 0, 0, 0, 0, 0, 0, 0, 0, 0, 0, 0, 0, 0, 0, 0, 0, 0]
Iteration 2550 New: [0, 0, 341, 224, 263, 229, 264, 283, 312, 289, 196, 235, 161, 136, 124, 96, 43, 39, 24, 8, 30, 14, 4, 4, 1, 4, 0] diff:[0, 0, 1, 0, 0, 0, 0, 0, 0, 0, 0, 0, 0, 0, 0, 0, 0, 0, 0, 0, 0, 0, 0, 0, 0, 0, 0]
Iteration 2560 New: [0, 0, 343, 224, 263, 229, 264, 283, 312, 289, 196, 235, 161, 136, 124, 96, 43, 39, 24, 8, 30, 14, 4, 4, 1, 4, 0] diff:[0, 0, 1, 0, 0, 0, 0, 0, 0, 0, 0, 0, 0, 0, 0, 0, 0, 0, 0, 0, 0, 0, 0, 0, 0, 0, 0]
Iteration 2570 New: [0, 0, 343, 224, 263, 229, 264, 283, 312, 289, 196, 235, 161, 136, 124, 96, 43, 39, 24, 8, 30, 14, 4, 4, 1, 4, 0] diff:[0, 0, -1, 0, 0, 0, 0, 0, 0, 0, 0, 0, 0, 0, 0, 0, 0, 0, 0, 0, 0, 0, 0, 0, 0, 0, 0]
Iteration 2580 New: [0, 0, 345, 224, 263, 229, 264, 283, 312, 289, 196, 235, 161, 136, 124, 96, 43, 39, 24, 8, 30, 14, 4, 4, 1, 4, 0] diff:[0, 0, -1, 0, 0, 0, 0, 0, 0, 0, 0, 0, 0, 0, 0, 0, 0, 0, 0, 0, 0, 0, 0, 0, 0, 0, 0]
Iteration 2590 New: [0, 0, 349, 224, 263, 229, 264, 283, 312, 289, 196, 235, 161, 136, 124, 96, 43, 39, 24, 8, 30, 14, 4, 4, 1, 4, 0] diff:[0, 0, 1, 0, 0, 0, 0, 0, 0, 0, 0, 0, 0, 0, 0, 0, 0, 0, 0, 0, 0, 0, 0, 0, 0, 0, 0]
Iteration 2600 New: [0, 0, 351, 224, 263, 229, 264, 283, 312, 289, 196, 235, 161, 136, 124, 96, 43, 39, 24, 8, 30, 14, 4, 4, 1, 4, 0] diff:[0, 0, -1, 0, 0, 0, 0, 0, 0, 0, 0, 0, 0, 0, 0, 0, 0, 0, 0, 0, 0, 0, 0, 0, 0, 0, 0]
Iteration 2610 New: [0, 0, 355, 224, 263, 229, 264, 283, 312, 289, 196, 235, 161, 136, 124, 96, 43, 39, 24, 8, 30, 14, 4, 4, 1, 4, 0] diff:[0, 0, -1, 0, 0, 0, 0, 0, 0, 0, 0, 0, 0, 0, 0, 0, 0, 0, 0, 0, 0, 0, 0, 0, 0, 0, 0]
Iteration 2620 New: [0, 0, 354, 225, 263, 229, 264, 283, 312, 289, 196, 235, 161, 136, 124, 96, 43, 39, 24, 8, 30, 14, 4, 4, 1, 4, 0] diff:[0, 0, 1, 0, 0, 0, 0, 0, 0, 0, 0, 0, 0, 0, 0, 0, 0, 0, 0, 0, 0, 0, 0, 0, 0, 0, 0]
Iteration 2630 New: [0, 0, 354, 225, 263, 229, 264, 283, 312, 289, 196, 235, 161, 136, 124, 96, 43, 39, 24, 8, 30, 14, 4, 4, 1, 4, 0] diff:[0, 0, 1, 0, 0, 0, 0, 0, 0, 0, 0, 0, 0, 0, 0, 0, 0, 0, 0, 0, 0, 0, 0, 0, 0, 0, 0]
Iteration 2640 New: [0, 0, 352, 225, 263, 229, 264, 283, 312, 289, 196, 235, 161, 136, 124, 96, 43, 39, 24, 8, 30, 14, 4, 4, 1, 4, 0] diff:[0, 0, -1, 0, 0, 0, 0, 0, 0, 0, 0, 0, 0, 0, 0, 0, 0, 0, 0, 0, 0, 0, 0, 0, 0, 0, 0]
Iteration 2650 New: [0, 0, 348, 225, 263, 229, 264, 283, 312, 289, 196, 235, 161, 136, 124, 96, 43, 39, 24, 8, 30, 14, 4, 4, 1, 4, 0] diff:[0, 0, -1, 0, 0, 0, 0, 0, 0, 0, 0, 0, 0, 0, 0, 0, 0, 0, 0, 0, 0, 0, 0, 0, 0, 0, 0]
Iteration 2660 New: [0, 0, 346, 225, 263, 229, 264, 283, 312, 289, 196, 235, 161, 136, 124, 96, 43, 39, 24, 8, 30, 14, 4, 4, 1, 4, 0] diff:[0, 0, -1, 0, 0, 0, 0, 0, 0, 0, 0, 0, 0, 0, 0, 0, 0, 0, 0, 0, 0, 0, 0, 0, 0, 0, 0]
Iteration 2670 New: [0, 0, 352, 225, 263, 229, 264, 283, 312, 289, 196, 235, 161, 136, 124, 96, 43, 39, 24, 8, 30, 14, 4, 4, 1, 4, 0] diff:[0, 0, 1, 0, 0, 0, 0, 0, 0, 0, 0, 0, 0, 0, 0, 0, 0, 0, 0, 0, 0, 0, 0, 0, 0, 0, 0]
Iteration 2680 New: [0, 0, 344, 225, 263, 229, 264, 283, 312, 289, 196, 235, 161, 136, 124, 96, 43, 39, 24, 8, 30, 14, 4, 4, 1, 4, 0] diff:[0, 0, -1, 0, 0, 0, 0, 0, 0, 0, 0, 0, 0, 0, 0, 0, 0, 0, 0, 0, 0, 0, 0, 0, 0, 0, 0]
Iteration 2690 New: [0, 0, 338, 225, 263, 229, 264, 283, 312, 289, 196, 235, 161, 136, 124, 96, 43, 39, 24, 8, 30, 14, 4, 4, 1, 4, 0] diff:[0, 0, -1, 0, 0, 0, 0, 0, 0, 0, 0, 0, 0, 0, 0, 0, 0, 0, 0, 0, 0, 0, 0, 0, 0, 0, 0]
Iteration 2700 New: [0, 0, 336, 225, 263, 229, 264, 283, 312, 289, 196, 235, 161, 136, 124, 96, 43, 39, 24, 8, 30, 14, 4, 4, 1, 4, 0] diff:[0, 0, -1, 0, 0, 0, 0, 0, 0, 0, 0, 0, 0, 0, 0, 0, 0, 0, 0, 0, 0, 0, 0, 0, 0, 0, 0]
Iteration 2710 New: [0, 0, 334, 225, 263, 229, 264, 283, 312, 289, 196, 235, 161, 136, 124, 96, 43, 39, 24, 8, 30, 14, 4, 4, 1, 4, 0] diff:[0, 0, -1, 0, 0, 0, 0, 0, 0, 0, 0, 0, 0, 0, 0, 0, 0, 0, 0, 0, 0, 0, 0, 0, 0, 0, 0]
Iteration 2720 New: [0, 0, 342, 225, 263, 229, 264, 283, 312, 289, 196, 235, 161, 136, 124, 96, 43, 39, 24, 8, 30, 14, 4, 4, 1, 4, 0] diff:[0, 0, 1, 0, 0, 0, 0, 0, 0, 0, 0, 0, 0, 0, 0, 0, 0, 0, 0, 0, 0, 0, 0, 0, 0, 0, 0]
Iteration 2730 New: [0, 0, 340, 225, 263, 229, 264, 283, 312, 289, 196, 235, 161, 136, 124, 96, 43, 39, 24, 8, 30, 14, 4, 4, 1, 4, 0] diff:[0, 0, -1, 0, 0, 0, 0, 0, 0, 0, 0, 0, 0, 0, 0, 0, 0, 0, 0, 0, 0, 0, 0, 0, 0, 0, 0]
Iteration 2740 New: [0, 0, 346, 225, 263, 229, 264, 283, 312, 289, 196, 235, 161, 136, 124, 96, 43, 39, 24, 8, 30, 14, 4, 4, 1, 4, 0] diff:[0, 0, -1, 0, 0, 0, 0, 0, 0, 0, 0, 0, 0, 0, 0, 0, 0, 0, 0, 0, 0, 0, 0, 0, 0, 0, 0]
Iteration 2750 New: [0, 0, 346, 225, 263, 229, 264, 283, 312, 289, 196, 235, 161, 136, 124, 96, 43, 39, 24, 8, 30, 14, 4, 4, 1, 4, 0] diff:[0, 0, 1, 0, 0, 0, 0, 0, 0, 0, 0, 0, 0, 0, 0, 0, 0, 0, 0, 0, 0, 0, 0, 0, 0, 0, 0]
Iteration 2760 New: [0, 0, 346, 225, 263, 229, 264, 283, 312, 289, 196, 235, 161, 136, 124, 96, 43, 39, 24, 8, 30, 14, 4, 4, 1, 4, 0] diff:[0, 0, -1, 0, 0, 0, 0, 0, 0, 0, 0, 0, 0, 0, 0, 0, 0, 0, 0, 0, 0, 0, 0, 0, 0, 0, 0]
Iteration 2770 New: [0, 0, 346, 225, 263, 229, 264, 283, 312, 289, 196, 235, 161, 136, 124, 96, 43, 39, 24, 8, 30, 14, 4, 4, 1, 4, 0] diff:[0, 0, 1, 0, 0, 0, 0, 0, 0, 0, 0, 0, 0, 0, 0, 0, 0, 0, 0, 0, 0, 0, 0, 0, 0, 0, 0]
Iteration 2780 New: [0, 0, 344, 225, 263, 229, 264, 283, 312, 289, 196, 235, 161, 136, 124, 96, 43, 39, 24, 8, 30, 14, 4, 4, 1, 4, 0] diff:[0, 0, -1, 0, 0, 0, 0, 0, 0, 0, 0, 0, 0, 0, 0, 0, 0, 0, 0, 0, 0, 0, 0, 0, 0, 0, 0]
Iteration 2790 New: [0, 0, 342, 225, 263, 229, 264, 283, 312, 289, 196, 235, 161, 136, 124, 96, 43, 39, 24, 8, 30, 14, 4, 4, 1, 4, 0] diff:[0, 0, -1, 0, 0, 0, 0, 0, 0, 0, 0, 0, 0, 0, 0, 0, 0, 0, 0, 0, 0, 0, 0, 0, 0, 0, 0]
Iteration 2800 New: [0, 0, 344, 225, 263, 229, 264, 283, 312, 289, 196, 235, 161, 136, 124, 96, 43, 39, 24, 8, 30, 14, 4, 4, 1, 4, 0] diff:[0, 0, 1, 0, 0, 0, 0, 0, 0, 0, 0, 0, 0, 0, 0, 0, 0, 0, 0, 0, 0, 0, 0, 0, 0, 0, 0]
Iteration 2810 New: [0, 0, 340, 225, 263, 229, 264, 283, 312, 289, 196, 235, 161, 136, 124, 96, 43, 39, 24, 8, 30, 14, 4, 4, 1, 4, 0] diff:[0, 0, -1, 0, 0, 0, 0, 0, 0, 0, 0, 0, 0, 0, 0, 0, 0, 0, 0, 0, 0, 0, 0, 0, 0, 0, 0]
Iteration 2820 New: [0, 0, 340, 225, 263, 229, 264, 283, 312, 289, 196, 235, 161, 136, 124, 96, 43, 39, 24, 8, 30, 14, 4, 4, 1, 4, 0] diff:[0, 0, -1, 0, 0, 0, 0, 0, 0, 0, 0, 0, 0, 0, 0, 0, 0, 0, 0, 0, 0, 0, 0, 0, 0, 0, 0]
Iteration 2830 New: [0, 0, 332, 225, 263, 229, 264, 283, 312, 289, 196, 235, 161, 136, 124, 96, 43, 39, 24, 8, 30, 14, 4, 4, 1, 4, 0] diff:[0, 0, -1, 0, 0, 0, 0, 0, 0, 0, 0, 0, 0, 0, 0, 0, 0, 0, 0, 0, 0, 0, 0, 0, 0, 0, 0]
Iteration 2840 New: [0, 0, 326, 225, 263, 229, 264, 283, 312, 289, 196, 235, 161, 136, 124, 96, 43, 39, 24, 8, 30, 14, 4, 4, 1, 4, 0] diff:[0, 0, -1, 0, 0, 0, 0, 0, 0, 0, 0, 0, 0, 0, 0, 0, 0, 0, 0, 0, 0, 0, 0, 0, 0, 0, 0]
Iteration 2850 New: [0, 0, 326, 225, 263, 229, 264, 283, 312, 289, 196, 235, 161, 136, 124, 96, 43, 39, 24, 8, 30, 14, 4, 4, 1, 4, 0] diff:[0, 0, -1, 0, 0, 0, 0, 0, 0, 0, 0, 0, 0, 0, 0, 0, 0, 0, 0, 0, 0, 0, 0, 0, 0, 0, 0]
Iteration 2860 New: [0, 0, 326, 225, 263, 229, 264, 283, 312, 289, 196, 235, 161, 136, 124, 96, 43, 39, 24, 8, 30, 14, 4, 4, 1, 4, 0] diff:[0, 0, -1, 0, 0, 0, 0, 0, 0, 0, 0, 0, 0, 0, 0, 0, 0, 0, 0, 0, 0, 0, 0, 0, 0, 0, 0]
Iteration 2870 New: [0, 0, 320, 225, 263, 229, 264, 283, 312, 289, 196, 235, 161, 136, 124, 96, 43, 39, 24, 8, 30, 14, 4, 4, 1, 4, 0] diff:[0, 0, -1, 0, 0, 0, 0, 0, 0, 0, 0, 0, 0, 0, 0, 0, 0, 0, 0, 0, 0, 0, 0, 0, 0, 0, 0]
Iteration 2880 New: [0, 0, 320, 225, 263, 229, 264, 283, 312, 289, 196, 235, 161, 136, 124, 96, 43, 39, 24, 8, 30, 14, 4, 4, 1, 4, 0] diff:[0, 0, 1, 0, 0, 0, 0, 0, 0, 0, 0, 0, 0, 0, 0, 0, 0, 0, 0, 0, 0, 0, 0, 0, 0, 0, 0]
Iteration 2890 New: [0, 0, 324, 225, 263, 229, 264, 283, 312, 289, 196, 235, 161, 136, 124, 96, 43, 39, 24, 8, 30, 14, 4, 4, 1, 4, 0] diff:[0, 0, 1, 0, 0, 0, 0, 0, 0, 0, 0, 0, 0, 0, 0, 0, 0, 0, 0, 0, 0, 0, 0, 0, 0, 0, 0]
Iteration 2900 New: [0, 0, 331, 226, 263, 229, 264, 283, 312, 289, 196, 235, 161, 136, 124, 96, 43, 39, 24, 8, 30, 14, 4, 4, 1, 2, 0] diff:[0, 0, 1, 0, 0, 0, 0, 0, 0, 0, 0, 0, 0, 0, 0, 0, 0, 0, 0, 0, 0, 0, 0, 0, 0, 0, 0]
Iteration 2910 New: [0, 0, 339, 226, 263, 229, 264, 283, 312, 289, 196, 235, 161, 136, 124, 96, 43, 39, 24, 8, 30, 14, 4, 4, 1, 2, 0] diff:[0, 0, 1, 0, 0, 0, 0, 0, 0, 0, 0, 0, 0, 0, 0, 0, 0, 0, 0, 0, 0, 0, 0, 0, 0, 0, 0]
Iteration 2920 New: [0, 0, 335, 226, 263, 229, 264, 283, 312, 289, 196, 235, 161, 136, 124, 96, 43, 39, 24, 8, 30, 14, 4, 4, 1, 2, 0] diff:[0, 0, 1, 0, 0, 0, 0, 0, 0, 0, 0, 0, 0, 0, 0, 0, 0, 0, 0, 0, 0, 0, 0, 0, 0, 0, 0]
Iteration 2930 New: [0, 0, 331, 226, 263, 229, 264, 283, 312, 289, 196, 235, 161, 136, 124, 96, 43, 39, 24, 8, 30, 14, 4, 4, 1, 2, 0] diff:[0, 0, -1, 0, 0, 0, 0, 0, 0, 0, 0, 0, 0, 0, 0, 0, 0, 0, 0, 0, 0, 0, 0, 0, 0, 0, 0]
Iteration 2940 New: [0, 0, 333, 226, 263, 229, 264, 283, 312, 289, 196, 235, 161, 136, 124, 96, 43, 39, 24, 8, 30, 14, 4, 4, 1, 2, 0] diff:[0, 0, 1, 0, 0, 0, 0, 0, 0, 0, 0, 0, 0, 0, 0, 0, 0, 0, 0, 0, 0, 0, 0, 0, 0, 0, 0]
Iteration 2950 New: [0, 0, 335, 226, 263, 229, 264, 283, 312, 289, 196, 235, 161, 136, 124, 96, 43, 39, 24, 8, 30, 14, 4, 4, 1, 2, 0] diff:[0, 0, 1, 0, 0, 0, 0, 0, 0, 0, 0, 0, 0, 0, 0, 0, 0, 0, 0, 0, 0, 0, 0, 0, 0, 0, 0]
Iteration 2960 New: [0, 0, 335, 226, 263, 229, 264, 283, 312, 289, 196, 235, 161, 136, 124, 96, 43, 39, 24, 8, 30, 14, 4, 4, 1, 2, 0] diff:[0, 0, -1, 0, 0, 0, 0, 0, 0, 0, 0, 0, 0, 0, 0, 0, 0, 0, 0, 0, 0, 0, 0, 0, 0, 0, 0]
Iteration 2970 New: [0, 0, 337, 226, 263, 229, 264, 283, 312, 289, 196, 235, 161, 136, 124, 96, 43, 39, 24, 8, 30, 14, 4, 4, 1, 2, 0] diff:[0, 0, 1, 0, 0, 0, 0, 0, 0, 0, 0, 0, 0, 0, 0, 0, 0, 0, 0, 0, 0, 0, 0, 0, 0, 0, 0]
Iteration 2980 New: [0, 0, 339, 226, 263, 229, 264, 283, 312, 289, 196, 235, 161, 136, 124, 96, 43, 39, 24, 8, 30, 14, 4, 4, 1, 2, 0] diff:[0, 0, -1, 0, 0, 0, 0, 0, 0, 0, 0, 0, 0, 0, 0, 0, 0, 0, 0, 0, 0, 0, 0, 0, 0, 0, 0]
Iteration 2990 New: [0, 0, 339, 226, 263, 229, 264, 283, 312, 289, 196, 235, 161, 136, 124, 96, 43, 39, 24, 8, 30, 14, 4, 4, 1, 2, 0] diff:[0, 0, 1, 0, 0, 0, 0, 0, 0, 0, 0, 0, 0, 0, 0, 0, 0, 0, 0, 0, 0, 0, 0, 0, 0, 0, 0]
Iteration 3000 New: [0, 0, 335, 226, 263, 229, 264, 283, 312, 289, 196, 235, 161, 136, 124, 96, 43, 39, 24, 8, 30, 14, 4, 4, 1, 2, 0] diff:[0, 0, -1, 0, 0, 0, 0, 0, 0, 0, 0, 0, 0, 0, 0, 0, 0, 0, 0, 0, 0, 0, 0, 0, 0, 0, 0]
Auto-stopped algorithm at 3001th iteration

A target 10000 more iterations took 6776147236873 ns.
Total iterations 3001
Total algorithm runtime 6776147236873 ns
  or 6776147.236873 ms