windsurfers.gt
Iteration 10 New: [0, 0, 1, 6, 3, 13, 21, 25, 18, 10] diff:[0, 0, 1, 0, 0, 0, 0, 0, 0, 0]
Iteration 20 New: [0, 0, 5, 10, 3, 13, 21, 25, 18, 10] diff:[0, 0, 1, 0, 0, 0, 0, 0, 0, 0]
Iteration 30 New: [0, 0, 8, 11, 3, 13, 21, 25, 18, 10] diff:[0, 0, 1, 0, 0, 0, 0, 0, 0, 0]
Iteration 40 New: [0, 0, 13, 10, 3, 13, 21, 25, 18, 10] diff:[0, 0, 1, 0, 0, 0, 0, 0, 0, 0]
Iteration 50 New: [0, 0, 20, 9, 3, 13, 21, 25, 18, 10] diff:[0, 0, 1, 0, 0, 0, 0, 0, 0, 0]
Iteration 60 New: [0, 0, 26, 9, 3, 13, 21, 25, 18, 10] diff:[0, 0, -1, 0, 0, 0, 0, 0, 0, 0]
Iteration 70 New: [0, 0, 28, 9, 3, 13, 21, 25, 18, 10] diff:[0, 0, 1, 0, 0, 0, 0, 0, 0, 0]
Iteration 80 New: [0, 0, 34, 9, 3, 13, 21, 25, 18, 10] diff:[0, 0, 1, 0, 0, 0, 0, 0, 0, 0]
Iteration 90 New: [0, 0, 38, 9, 3, 13, 21, 25, 18, 10] diff:[0, 0, -1, 0, 0, 0, 0, 0, 0, 0]
Iteration 100 New: [0, 0, 40, 9, 3, 13, 21, 25, 18, 10] diff:[0, 0, -1, 0, 0, 0, 0, 0, 0, 0]
Iteration 110 New: [0, 0, 41, 10, 3, 13, 21, 25, 18, 10] diff:[0, 0, 1, 0, 0, 0, 0, 0, 0, 0]
Iteration 120 New: [0, 0, 43, 10, 3, 13, 21, 25, 18, 10] diff:[0, 0, 1, 0, 0, 0, 0, 0, 0, 0]
Iteration 130 New: [0, 0, 47, 10, 3, 13, 21, 25, 18, 10] diff:[0, 0, 1, 0, 0, 0, 0, 0, 0, 0]
Iteration 140 New: [0, 0, 44, 11, 3, 13, 21, 25, 18, 10] diff:[0, 0, -1, 0, 0, 0, 0, 0, 0, 0]
Iteration 150 New: [0, 0, 45, 12, 3, 13, 21, 25, 18, 10] diff:[0, 0, -1, 0, 0, 0, 0, 0, 0, 0]
Iteration 160 New: [0, 0, 48, 11, 3, 13, 21, 25, 18, 10] diff:[0, 0, 1, 0, 0, 0, 0, 0, 0, 0]
Iteration 170 New: [0, 0, 54, 11, 3, 13, 21, 25, 18, 8] diff:[0, 0, 1, 0, 0, 0, 0, 0, 0, 0]
Iteration 180 New: [0, 0, 62, 11, 3, 13, 21, 25, 18, 6] diff:[0, 0, 1, 0, 0, 0, 0, 0, 0, 0]
Iteration 190 New: [0, 0, 69, 10, 3, 13, 21, 25, 18, 4] diff:[0, 0, 0, 0, 0, 0, 0, 0, 0, -1]
Iteration 200 New: [0, 0, 77, 10, 3, 13, 21, 25, 18, 4] diff:[0, 0, 1, 0, 0, 0, 0, 0, 0, 0]
Iteration 210 New: [0, 0, 86, 10, 3, 13, 21, 25, 18, 3] diff:[0, 0, 1, 0, 0, 0, 0, 0, 0, 0]
Iteration 220 New: [0, 0, 94, 10, 3, 13, 21, 25, 18, 3] diff:[0, 0, -1, 0, 0, 0, 0, 0, 0, 0]
Iteration 230 New: [0, 0, 104, 10, 3, 13, 21, 25, 18, 3] diff:[0, 0, 1, 0, 0, 0, 0, 0, 0, 0]
Iteration 240 New: [0, 0, 106, 10, 3, 13, 21, 25, 18, 3] diff:[0, 0, 1, 0, 0, 0, 0, 0, 0, 0]
Iteration 250 New: [0, 0, 114, 10, 3, 13, 21, 25, 18, 1] diff:[0, 0, 1, 0, 0, 0, 0, 0, 0, 0]
Iteration 260 New: [0, 0, 123, 11, 3, 13, 21, 25, 18, 1] diff:[0, 0, 1, 0, 0, 0, 0, 0, 0, 0]
Iteration 270 New: [0, 0, 129, 11, 3, 13, 21, 25, 18, 1] diff:[0, 0, 1, 0, 0, 0, 0, 0, 0, 0]
Iteration 280 New: [0, 0, 139, 11, 3, 13, 21, 25, 18, 1] diff:[0, 0, 1, 0, 0, 0, 0, 0, 0, 0]
Iteration 290 New: [0, 0, 145, 11, 3, 13, 21, 25, 18, 1] diff:[0, 0, 1, 0, 0, 0, 0, 0, 0, 0]
Iteration 300 New: [0, 0, 149, 12, 3, 13, 21, 25, 18, 0] diff:[0, 0, 1, 0, 0, 0, 0, 0, 0, 0]
Iteration 310 New: [0, 0, 155, 12, 3, 13, 21, 25, 18, 0] diff:[0, 0, 1, 0, 0, 0, 0, 0, 0, 0]
Iteration 320 New: [0, 0, 161, 12, 3, 13, 21, 25, 18, 0] diff:[0, 0, 1, 0, 0, 0, 0, 0, 0, 0]
Iteration 330 New: [0, 0, 167, 12, 3, 13, 21, 25, 18, 0] diff:[0, 0, 1, 0, 0, 0, 0, 0, 0, 0]
Iteration 340 New: [0, 0, 172, 13, 3, 13, 21, 25, 18, 0] diff:[0, 0, 1, 0, 0, 0, 0, 0, 0, 0]
Iteration 350 New: [0, 0, 178, 14, 3, 13, 21, 25, 17, 0] diff:[0, 0, 1, 0, 0, 0, 0, 0, 0, 0]
Iteration 360 New: [0, 0, 187, 14, 3, 13, 21, 25, 16, 0] diff:[0, 0, 1, 0, 0, 0, 0, 0, 0, 0]
Iteration 370 New: [0, 0, 197, 14, 3, 13, 21, 25, 16, 0] diff:[0, 0, 1, 0, 0, 0, 0, 0, 0, 0]
Iteration 380 New: [0, 0, 203, 14, 3, 13, 21, 25, 14, 0] diff:[0, 0, 1, 0, 0, 0, 0, 0, 0, 0]
Iteration 390 New: [0, 0, 210, 14, 3, 13, 21, 25, 11, 0] diff:[0, 0, 0, 0, 0, 0, 0, 0, -1, 0]
Iteration 400 New: [0, 0, 217, 14, 3, 13, 21, 25, 10, 0] diff:[0, 0, 1, 0, 0, 0, 0, 0, 0, 0]
Iteration 410 New: [0, 0, 222, 13, 3, 13, 21, 25, 10, 0] diff:[0, 0, -1, 0, 0, 0, 0, 0, 0, 0]
Iteration 420 New: [0, 0, 231, 13, 3, 13, 21, 25, 9, 0] diff:[0, 0, 1, 0, 0, 0, 0, 0, 0, 0]
Iteration 430 New: [0, 0, 236, 13, 3, 13, 21, 25, 8, 0] diff:[0, 0, 1, 0, 0, 0, 0, 0, 0, 0]
Iteration 440 New: [0, 0, 244, 13, 3, 13, 21, 25, 6, 0] diff:[0, 0, 1, 0, 0, 0, 0, 0, 0, 0]
Iteration 450 New: [0, 0, 251, 14, 3, 13, 21, 25, 6, 0] diff:[0, 0, -1, 0, 0, 0, 0, 0, 0, 0]
Iteration 460 New: [0, 0, 258, 15, 3, 13, 21, 25, 6, 0] diff:[0, 0, 1, 0, 0, 0, 0, 0, 0, 0]
Iteration 470 New: [0, 0, 268, 15, 3, 13, 21, 25, 6, 0] diff:[0, 0, 1, 0, 0, 0, 0, 0, 0, 0]
Iteration 480 New: [0, 0, 276, 15, 3, 13, 21, 25, 6, 0] diff:[0, 0, 1, 0, 0, 0, 0, 0, 0, 0]
Iteration 490 New: [0, 0, 281, 16, 3, 13, 21, 25, 6, 0] diff:[0, 0, 1, 0, 0, 0, 0, 0, 0, 0]
Iteration 500 New: [0, 0, 291, 16, 3, 13, 21, 25, 6, 0] diff:[0, 0, 1, 0, 0, 0, 0, 0, 0, 0]
Iteration 510 New: [0, 0, 299, 16, 3, 13, 21, 25, 6, 0] diff:[0, 0, 1, 0, 0, 0, 0, 0, 0, 0]
Iteration 520 New: [0, 0, 302, 17, 3, 13, 21, 25, 6, 0] diff:[0, 0, 1, 0, 0, 0, 0, 0, 0, 0]
Iteration 530 New: [0, 0, 307, 18, 3, 13, 21, 25, 6, 0] diff:[0, 0, -1, 0, 0, 0, 0, 0, 0, 0]
Iteration 540 New: [0, 0, 312, 19, 3, 13, 21, 25, 4, 0] diff:[0, 0, 1, 0, 0, 0, 0, 0, 0, 0]
Iteration 550 New: [0, 0, 320, 19, 3, 13, 21, 25, 4, 0] diff:[0, 0, 1, 0, 0, 0, 0, 0, 0, 0]
Iteration 560 New: [0, 0, 326, 20, 3, 13, 21, 25, 3, 0] diff:[0, 0, 1, 0, 0, 0, 0, 0, 0, 0]
Iteration 570 New: [0, 0, 330, 20, 3, 13, 21, 25, 3, 0] diff:[0, 0, 1, 0, 0, 0, 0, 0, 0, 0]
Iteration 580 New: [0, 0, 333, 21, 3, 13, 21, 25, 3, 0] diff:[0, 0, -1, 0, 0, 0, 0, 0, 0, 0]
Iteration 590 New: [0, 0, 341, 23, 3, 13, 21, 25, 3, 0] diff:[0, 0, 1, 0, 0, 0, 0, 0, 0, 0]
Iteration 600 New: [0, 0, 348, 24, 3, 13, 21, 25, 1, 0] diff:[0, 0, 0, 1, 0, 0, 0, 0, 0, 0]
Iteration 610 New: [0, 0, 355, 25, 3, 13, 21, 24, 0, 0] diff:[0, 0, 1, 0, 0, 0, 0, 0, 0, 0]
Iteration 620 New: [0, 0, 363, 27, 3, 13, 21, 24, 0, 0] diff:[0, 0, 1, 0, 0, 0, 0, 0, 0, 0]
Iteration 630 New: [0, 0, 369, 28, 3, 13, 21, 23, 0, 0] diff:[0, 0, -1, 0, 0, 0, 0, 0, 0, 0]
Iteration 640 New: [0, 0, 374, 29, 3, 13, 21, 23, 0, 0] diff:[0, 0, -1, 0, 0, 0, 0, 0, 0, 0]
Iteration 650 New: [0, 0, 378, 31, 3, 13, 21, 19, 0, 0] diff:[0, 0, 1, 0, 0, 0, 0, 0, 0, 0]
Iteration 660 New: [0, 0, 385, 31, 3, 13, 21, 16, 0, 0] diff:[0, 0, 1, 0, 0, 0, 0, 0, 0, 0]
Iteration 670 New: [0, 0, 393, 31, 3, 13, 21, 16, 0, 0] diff:[0, 0, 1, 0, 0, 0, 0, 0, 0, 0]
Iteration 680 New: [0, 0, 398, 32, 3, 13, 21, 14, 0, 0] diff:[0, 0, 0, 1, 0, 0, 0, 0, 0, 0]
Iteration 690 New: [0, 0, 405, 33, 3, 13, 21, 14, 0, 0] diff:[0, 0, 0, 1, 0, 0, 0, 0, 0, 0]
Iteration 700 New: [0, 0, 412, 34, 3, 13, 21, 14, 0, 0] diff:[0, 0, 1, 0, 0, 0, 0, 0, 0, 0]
Iteration 710 New: [0, 0, 415, 36, 3, 13, 21, 11, 0, 0] diff:[0, 0, 0, 0, 0, 0, 0, -1, 0, 0]
Iteration 720 New: [0, 0, 421, 39, 3, 13, 21, 10, 0, 0] diff:[0, 0, 1, 0, 0, 0, 0, 0, 0, 0]
Iteration 730 New: [0, 0, 425, 43, 3, 13, 21, 10, 0, 0] diff:[0, 0, 1, 0, 0, 0, 0, 0, 0, 0]
Iteration 740 New: [0, 0, 433, 43, 3, 13, 21, 10, 0, 0] diff:[0, 0, 1, 0, 0, 0, 0, 0, 0, 0]
Iteration 750 New: [0, 0, 440, 45, 3, 13, 21, 9, 0, 0] diff:[0, 0, 1, 0, 0, 0, 0, 0, 0, 0]
Iteration 760 New: [0, 0, 446, 45, 3, 13, 21, 9, 0, 0] diff:[0, 0, 1, 0, 0, 0, 0, 0, 0, 0]
Iteration 770 New: [0, 0, 454, 46, 3, 13, 21, 8, 0, 0] diff:[0, 0, 1, 0, 0, 0, 0, 0, 0, 0]
Iteration 780 New: [0, 0, 460, 46, 3, 13, 21, 8, 0, 0] diff:[0, 0, 1, 0, 0, 0, 0, 0, 0, 0]
Iteration 790 New: [0, 0, 469, 45, 3, 13, 21, 8, 0, 0] diff:[0, 0, 1, 0, 0, 0, 0, 0, 0, 0]
Iteration 800 New: [0, 0, 476, 46, 3, 13, 21, 6, 0, 0] diff:[0, 0, 1, 0, 0, 0, 0, 0, 0, 0]
Iteration 810 New: [0, 0, 476, 47, 3, 13, 21, 3, 0, 0] diff:[0, 0, 1, 0, 0, 0, 0, 0, 0, 0]
Iteration 820 New: [0, 0, 485, 48, 3, 13, 21, 3, 0, 0] diff:[0, 0, 1, 0, 0, 0, 0, 0, 0, 0]
Iteration 830 New: [0, 0, 492, 47, 3, 13, 21, 3, 0, 0] diff:[0, 0, -1, 0, 0, 0, 0, 0, 0, 0]
Iteration 840 New: [0, 0, 497, 49, 3, 13, 21, 2, 0, 0] diff:[0, 0, 0, 1, 0, 0, 0, 0, 0, 0]
Iteration 850 New: [0, 0, 499, 52, 3, 13, 21, 1, 0, 0] diff:[0, 0, 0, 0, 0, 0, 0, -1, 0, 0]
Iteration 860 New: [0, 0, 505, 54, 3, 13, 21, 1, 0, 0] diff:[0, 0, 1, 0, 0, 0, 0, 0, 0, 0]
Iteration 870 New: [0, 0, 507, 56, 3, 14, 21, 0, 0, 0] diff:[0, 0, 0, 1, 0, 0, 0, 0, 0, 0]
Iteration 880 New: [0, 0, 513, 57, 3, 14, 20, 0, 0, 0] diff:[0, 0, 1, 0, 0, 0, 0, 0, 0, 0]
Iteration 890 New: [0, 0, 518, 60, 3, 14, 20, 0, 0, 0] diff:[0, 0, 1, 0, 0, 0, 0, 0, 0, 0]
Iteration 900 New: [0, 0, 521, 60, 3, 14, 19, 0, 0, 0] diff:[0, 0, 1, 0, 0, 0, 0, 0, 0, 0]
Iteration 910 New: [0, 0, 522, 62, 3, 14, 18, 0, 0, 0] diff:[0, 0, 0, 1, 0, 0, 0, 0, 0, 0]
Iteration 920 New: [0, 0, 529, 62, 3, 14, 17, 0, 0, 0] diff:[0, 0, 1, 0, 0, 0, 0, 0, 0, 0]
Iteration 930 New: [0, 0, 534, 64, 3, 14, 16, 0, 0, 0] diff:[0, 0, 0, 1, 0, 0, 0, 0, 0, 0]
Iteration 940 New: [0, 0, 543, 65, 3, 14, 16, 0, 0, 0] diff:[0, 0, 1, 0, 0, 0, 0, 0, 0, 0]
Iteration 950 New: [0, 0, 549, 65, 3, 14, 16, 0, 0, 0] diff:[0, 0, 1, 0, 0, 0, 0, 0, 0, 0]
Iteration 960 New: [0, 0, 550, 66, 3, 14, 14, 0, 0, 0] diff:[0, 0, 0, 1, 0, 0, 0, 0, 0, 0]
Iteration 970 New: [0, 0, 556, 66, 3, 14, 14, 0, 0, 0] diff:[0, 0, 0, 1, 0, 0, 0, 0, 0, 0]
Iteration 980 New: [0, 0, 560, 69, 3, 14, 11, 0, 0, 0] diff:[0, 0, 1, 0, 0, 0, 0, 0, 0, 0]
Iteration 990 New: [0, 0, 566, 70, 3, 14, 10, 0, 0, 0] diff:[0, 0, 1, 0, 0, 0, 0, 0, 0, 0]
Iteration 1000 New: [0, 0, 568, 75, 3, 14, 9, 0, 0, 0] diff:[0, 0, 0, 1, 0, 0, 0, 0, 0, 0]
Iteration 1010 New: [0, 0, 572, 78, 3, 14, 6, 0, 0, 0] diff:[0, 0, 0, 0, 0, 0, -1, 0, 0, 0]
Iteration 1020 New: [0, 0, 576, 79, 3, 14, 5, 0, 0, 0] diff:[0, 0, 0, 1, 0, 0, 0, 0, 0, 0]
Auto-stopped algorithm at 1025th iteration

A target 10000 more iterations took 10319742038 ns.
Total iterations 1025
Total algorithm runtime 10319742038 ns
  or 10319.742038 ms