windsurfers.gt
Iteration 10 New: [0, 0, 5, 6, 3, 13, 21, 25, 18, 10] diff:[0, 0, 1, 0, 0, 0, 0, 0, 0, 0]
Iteration 20 New: [0, 0, 9, 6, 3, 13, 21, 25, 18, 10] diff:[0, 0, 1, 0, 0, 0, 0, 0, 0, 0]
Iteration 30 New: [0, 0, 10, 7, 3, 13, 21, 25, 18, 10] diff:[0, 0, 1, 0, 0, 0, 0, 0, 0, 0]
Iteration 40 New: [0, 0, 13, 8, 3, 13, 21, 25, 18, 10] diff:[0, 0, 1, 0, 0, 0, 0, 0, 0, 0]
Iteration 50 New: [0, 0, 16, 7, 3, 13, 21, 25, 18, 10] diff:[0, 0, -1, 0, 0, 0, 0, 0, 0, 0]
Iteration 60 New: [0, 0, 20, 7, 3, 13, 21, 25, 18, 10] diff:[0, 0, 1, 0, 0, 0, 0, 0, 0, 0]
Iteration 70 New: [0, 0, 23, 7, 3, 13, 21, 25, 18, 7] diff:[0, 0, 1, 0, 0, 0, 0, 0, 0, 0]
Iteration 80 New: [0, 0, 28, 7, 3, 13, 21, 25, 18, 6] diff:[0, 0, -1, 0, 0, 0, 0, 0, 0, 0]
Iteration 90 New: [0, 0, 33, 6, 3, 13, 21, 25, 18, 6] diff:[0, 0, 1, 0, 0, 0, 0, 0, 0, 0]
Iteration 100 New: [0, 0, 35, 6, 3, 13, 21, 25, 18, 6] diff:[0, 0, 1, 0, 0, 0, 0, 0, 0, 0]
Iteration 110 New: [0, 0, 43, 8, 3, 13, 21, 25, 18, 6] diff:[0, 0, 1, 0, 0, 0, 0, 0, 0, 0]
Iteration 120 New: [0, 0, 45, 8, 3, 13, 21, 25, 18, 6] diff:[0, 0, -1, 0, 0, 0, 0, 0, 0, 0]
Iteration 130 New: [0, 0, 51, 8, 3, 13, 21, 25, 18, 6] diff:[0, 0, 1, 0, 0, 0, 0, 0, 0, 0]
Iteration 140 New: [0, 0, 57, 10, 3, 13, 21, 25, 18, 6] diff:[0, 0, 1, 0, 0, 0, 0, 0, 0, 0]
Iteration 150 New: [0, 0, 59, 12, 3, 13, 21, 25, 18, 6] diff:[0, 0, 0, 1, 0, 0, 0, 0, 0, 0]
Iteration 160 New: [0, 0, 62, 12, 3, 14, 21, 25, 18, 4] diff:[0, 0, 1, 0, 0, 0, 0, 0, 0, 0]
Iteration 170 New: [0, 0, 68, 14, 3, 14, 21, 25, 18, 4] diff:[0, 0, 1, 0, 0, 0, 0, 0, 0, 0]
Iteration 180 New: [0, 0, 73, 15, 3, 14, 21, 25, 18, 4] diff:[0, 0, 1, 0, 0, 0, 0, 0, 0, 0]
Iteration 190 New: [0, 0, 80, 15, 3, 14, 21, 25, 18, 3] diff:[0, 0, 1, 0, 0, 0, 0, 0, 0, 0]
Iteration 200 New: [0, 0, 87, 16, 3, 14, 21, 25, 18, 1] diff:[0, 0, 1, 0, 0, 0, 0, 0, 0, 0]
Iteration 210 New: [0, 0, 92, 17, 3, 14, 21, 25, 18, 1] diff:[0, 0, -1, 0, 0, 0, 0, 0, 0, 0]
Iteration 220 New: [0, 0, 100, 17, 3, 14, 21, 25, 18, 1] diff:[0, 0, -1, 0, 0, 0, 0, 0, 0, 0]
Iteration 230 New: [0, 0, 108, 18, 3, 14, 21, 25, 18, 0] diff:[0, 0, 1, 0, 0, 0, 0, 0, 0, 0]
Iteration 240 New: [0, 0, 117, 19, 3, 14, 21, 25, 18, 0] diff:[0, 0, 0, 1, 0, 0, 0, 0, 0, 0]
Iteration 250 New: [0, 0, 124, 19, 3, 14, 21, 25, 17, 0] diff:[0, 0, 1, 0, 0, 0, 0, 0, 0, 0]
Iteration 260 New: [0, 0, 130, 19, 3, 14, 21, 25, 17, 0] diff:[0, 0, -1, 0, 0, 0, 0, 0, 0, 0]
Iteration 270 New: [0, 0, 135, 20, 3, 15, 21, 25, 16, 0] diff:[0, 0, 0, 0, 0, 1, 0, 0, 0, 0]
Iteration 280 New: [0, 0, 139, 20, 3, 15, 21, 25, 16, 0] diff:[0, 0, 0, -1, 0, 0, 0, 0, 0, 0]
Iteration 290 New: [0, 0, 143, 22, 3, 15, 21, 25, 16, 0] diff:[0, 0, -1, 0, 0, 0, 0, 0, 0, 0]
Iteration 300 New: [0, 0, 149, 22, 3, 15, 21, 25, 16, 0] diff:[0, 0, 1, 0, 0, 0, 0, 0, 0, 0]
Iteration 310 New: [0, 0, 158, 23, 3, 15, 21, 25, 16, 0] diff:[0, 0, 1, 0, 0, 0, 0, 0, 0, 0]
Iteration 320 New: [0, 0, 160, 22, 3, 15, 21, 25, 15, 0] diff:[0, 0, 1, 0, 0, 0, 0, 0, 0, 0]
Iteration 330 New: [0, 0, 167, 23, 3, 15, 21, 25, 15, 0] diff:[0, 0, 1, 0, 0, 0, 0, 0, 0, 0]
Iteration 340 New: [0, 0, 171, 26, 3, 15, 21, 25, 14, 0] diff:[0, 0, 1, 0, 0, 0, 0, 0, 0, 0]
Iteration 350 New: [0, 0, 178, 27, 3, 15, 21, 25, 14, 0] diff:[0, 0, 1, 0, 0, 0, 0, 0, 0, 0]
Iteration 360 New: [0, 0, 182, 27, 3, 16, 21, 25, 11, 0] diff:[0, 0, 1, 0, 0, 0, 0, 0, 0, 0]
Iteration 370 New: [0, 0, 186, 28, 3, 16, 21, 25, 10, 0] diff:[0, 0, -1, 0, 0, 0, 0, 0, 0, 0]
Iteration 380 New: [0, 0, 191, 28, 3, 16, 21, 25, 9, 0] diff:[0, 0, 1, 0, 0, 0, 0, 0, 0, 0]
Iteration 390 New: [0, 0, 199, 29, 3, 16, 21, 25, 8, 0] diff:[0, 0, 0, 0, 0, 0, 0, 0, -1, 0]
Iteration 400 New: [0, 0, 206, 30, 3, 16, 21, 25, 6, 0] diff:[0, 0, 1, 0, 0, 0, 0, 0, 0, 0]
Iteration 410 New: [0, 0, 212, 32, 3, 16, 21, 25, 6, 0] diff:[0, 0, 1, 0, 0, 0, 0, 0, 0, 0]
Iteration 420 New: [0, 0, 217, 31, 3, 16, 21, 25, 6, 0] diff:[0, 0, 1, 0, 0, 0, 0, 0, 0, 0]
Iteration 430 New: [0, 0, 226, 31, 3, 16, 21, 25, 5, 0] diff:[0, 0, 1, 0, 0, 0, 0, 0, 0, 0]
Iteration 440 New: [0, 0, 235, 32, 3, 16, 21, 25, 5, 0] diff:[0, 0, 1, 0, 0, 0, 0, 0, 0, 0]
Iteration 450 New: [0, 0, 242, 32, 3, 16, 21, 25, 4, 0] diff:[0, 0, 1, 0, 0, 0, 0, 0, 0, 0]
Iteration 460 New: [0, 0, 250, 32, 3, 16, 21, 25, 4, 0] diff:[0, 0, 1, 0, 0, 0, 0, 0, 0, 0]
Iteration 470 New: [0, 0, 260, 32, 3, 16, 21, 25, 4, 0] diff:[0, 0, 1, 0, 0, 0, 0, 0, 0, 0]
Iteration 480 New: [0, 0, 263, 34, 3, 16, 21, 25, 1, 0] diff:[0, 0, 0, 0, 0, 0, 0, 0, -1, 0]
Iteration 490 New: [0, 0, 268, 35, 3, 16, 21, 24, 0, 0] diff:[0, 0, 0, 0, 0, 0, 0, -1, 0, 0]
Iteration 500 New: [0, 0, 275, 36, 3, 16, 21, 24, 0, 0] diff:[0, 0, 1, 0, 0, 0, 0, 0, 0, 0]
Iteration 510 New: [0, 0, 284, 37, 3, 16, 21, 24, 0, 0] diff:[0, 0, 1, 0, 0, 0, 0, 0, 0, 0]
Iteration 520 New: [0, 0, 291, 38, 3, 16, 21, 24, 0, 0] diff:[0, 0, 1, 0, 0, 0, 0, 0, 0, 0]
Iteration 530 New: [0, 0, 297, 39, 3, 16, 21, 23, 0, 0] diff:[0, 0, 1, 0, 0, 0, 0, 0, 0, 0]
Iteration 540 New: [0, 0, 305, 41, 3, 16, 21, 23, 0, 0] diff:[0, 0, 1, 0, 0, 0, 0, 0, 0, 0]
Iteration 550 New: [0, 0, 307, 39, 3, 16, 21, 23, 0, 0] diff:[0, 0, 0, -1, 0, 0, 0, 0, 0, 0]
Iteration 560 New: [0, 0, 312, 42, 3, 16, 21, 23, 0, 0] diff:[0, 0, 1, 0, 0, 0, 0, 0, 0, 0]
Iteration 570 New: [0, 0, 316, 42, 3, 16, 21, 23, 0, 0] diff:[0, 0, 1, 0, 0, 0, 0, 0, 0, 0]
Iteration 580 New: [0, 0, 322, 43, 3, 16, 21, 20, 0, 0] diff:[0, 0, 0, 1, 0, 0, 0, 0, 0, 0]
Iteration 590 New: [0, 0, 327, 43, 3, 16, 21, 15, 0, 0] diff:[0, 0, 0, 0, 0, 0, 0, -1, 0, 0]
Iteration 600 New: [0, 0, 332, 47, 3, 16, 21, 14, 0, 0] diff:[0, 0, 0, 1, 0, 0, 0, 0, 0, 0]
Iteration 610 New: [0, 0, 337, 46, 3, 16, 21, 14, 0, 0] diff:[0, 0, 0, 1, 0, 0, 0, 0, 0, 0]
Iteration 620 New: [0, 0, 343, 48, 3, 16, 21, 14, 0, 0] diff:[0, 0, 1, 0, 0, 0, 0, 0, 0, 0]
Iteration 630 New: [0, 0, 349, 50, 3, 16, 21, 14, 0, 0] diff:[0, 0, 0, 1, 0, 0, 0, 0, 0, 0]
Iteration 640 New: [0, 0, 357, 50, 3, 16, 21, 12, 0, 0] diff:[0, 0, 1, 0, 0, 0, 0, 0, 0, 0]
Iteration 650 New: [0, 0, 363, 51, 4, 16, 21, 10, 0, 0] diff:[0, 0, 1, 0, 0, 0, 0, 0, 0, 0]
Iteration 660 New: [0, 0, 369, 53, 4, 16, 21, 10, 0, 0] diff:[0, 0, 0, 1, 0, 0, 0, 0, 0, 0]
Iteration 670 New: [0, 0, 374, 55, 4, 16, 21, 9, 0, 0] diff:[0, 0, 1, 0, 0, 0, 0, 0, 0, 0]
Iteration 680 New: [0, 0, 378, 56, 4, 16, 21, 8, 0, 0] diff:[0, 0, 0, 1, 0, 0, 0, 0, 0, 0]
Iteration 690 New: [0, 0, 382, 57, 5, 16, 21, 8, 0, 0] diff:[0, 0, 1, 0, 0, 0, 0, 0, 0, 0]
Iteration 700 New: [0, 0, 386, 57, 5, 16, 21, 6, 0, 0] diff:[0, 0, 1, 0, 0, 0, 0, 0, 0, 0]
Iteration 710 New: [0, 0, 394, 58, 5, 16, 21, 5, 0, 0] diff:[0, 0, 1, 0, 0, 0, 0, 0, 0, 0]
Iteration 720 New: [0, 0, 399, 59, 5, 16, 21, 3, 0, 0] diff:[0, 0, 0, 0, 0, 0, 0, -1, 0, 0]
Iteration 730 New: [0, 0, 401, 64, 5, 16, 21, 2, 0, 0] diff:[0, 0, 0, 1, 0, 0, 0, 0, 0, 0]
Iteration 740 New: [0, 0, 405, 66, 5, 16, 21, 2, 0, 0] diff:[0, 0, 0, 1, 0, 0, 0, 0, 0, 0]
Iteration 750 New: [0, 0, 410, 70, 5, 16, 21, 1, 0, 0] diff:[0, 0, 0, 1, 0, 0, 0, 0, 0, 0]
Iteration 760 New: [0, 0, 415, 69, 5, 16, 21, 1, 0, 0] diff:[0, 0, 0, -1, 0, 0, 0, 0, 0, 0]
Iteration 770 New: [0, 0, 419, 75, 5, 16, 21, 1, 0, 0] diff:[0, 0, 1, 0, 0, 0, 0, 0, 0, 0]
Iteration 780 New: [0, 0, 426, 77, 5, 16, 21, 0, 0, 0] diff:[0, 0, 0, 0, 0, 0, 0, -1, 0, 0]
Iteration 790 New: [0, 0, 434, 79, 5, 16, 21, 0, 0, 0] diff:[0, 0, 1, 0, 0, 0, 0, 0, 0, 0]
Iteration 800 New: [0, 0, 436, 82, 5, 16, 20, 0, 0, 0] diff:[0, 0, 0, 1, 0, 0, 0, 0, 0, 0]
Iteration 810 New: [0, 0, 441, 83, 5, 16, 20, 0, 0, 0] diff:[0, 0, 0, 1, 0, 0, 0, 0, 0, 0]
Iteration 820 New: [0, 0, 447, 82, 5, 16, 19, 0, 0, 0] diff:[0, 0, 1, 0, 0, 0, 0, 0, 0, 0]
Iteration 830 New: [0, 0, 448, 87, 5, 16, 17, 0, 0, 0] diff:[0, 0, 0, 1, 0, 0, 0, 0, 0, 0]
Iteration 840 New: [0, 0, 453, 87, 5, 16, 16, 0, 0, 0] diff:[0, 0, 1, 0, 0, 0, 0, 0, 0, 0]
Iteration 850 New: [0, 0, 457, 91, 5, 16, 14, 0, 0, 0] diff:[0, 0, 0, 1, 0, 0, 0, 0, 0, 0]
Iteration 860 New: [0, 0, 465, 93, 5, 16, 14, 0, 0, 0] diff:[0, 0, 1, 0, 0, 0, 0, 0, 0, 0]
Iteration 870 New: [0, 0, 468, 95, 5, 16, 13, 0, 0, 0] diff:[0, 0, 0, 0, 0, 0, -1, 0, 0, 0]
Iteration 880 New: [0, 0, 476, 95, 5, 16, 11, 0, 0, 0] diff:[0, 0, 1, 0, 0, 0, 0, 0, 0, 0]
Iteration 890 New: [0, 0, 481, 97, 5, 16, 10, 0, 0, 0] diff:[0, 0, 0, -1, 0, 0, 0, 0, 0, 0]
Iteration 900 New: [0, 0, 487, 99, 5, 16, 10, 0, 0, 0] diff:[0, 0, 0, 1, 0, 0, 0, 0, 0, 0]
Iteration 910 New: [0, 0, 493, 101, 5, 16, 10, 0, 0, 0] diff:[0, 0, -1, 0, 0, 0, 0, 0, 0, 0]
Iteration 920 New: [0, 0, 498, 105, 5, 16, 9, 0, 0, 0] diff:[0, 0, 0, 0, 0, 0, -1, 0, 0, 0]
Iteration 930 New: [0, 0, 503, 108, 5, 16, 7, 0, 0, 0] diff:[0, 0, 0, 1, 0, 0, 0, 0, 0, 0]
Iteration 940 New: [0, 0, 509, 110, 5, 16, 7, 0, 0, 0] diff:[0, 0, 1, 0, 0, 0, 0, 0, 0, 0]
Iteration 950 New: [0, 0, 515, 110, 5, 16, 7, 0, 0, 0] diff:[0, 0, 1, 0, 0, 0, 0, 0, 0, 0]
Iteration 960 New: [0, 0, 518, 112, 5, 16, 6, 0, 0, 0] diff:[0, 0, 0, -1, 0, 0, 0, 0, 0, 0]
Iteration 970 New: [0, 0, 521, 116, 5, 16, 5, 0, 0, 0] diff:[0, 0, 1, 0, 0, 0, 0, 0, 0, 0]
Iteration 980 New: [0, 0, 522, 124, 5, 16, 4, 0, 0, 0] diff:[0, 0, 0, 1, 0, 0, 0, 0, 0, 0]
Iteration 990 New: [0, 0, 528, 125, 5, 16, 1, 0, 0, 0] diff:[0, 0, 1, 0, 0, 0, 0, 0, 0, 0]
Iteration 1000 New: [0, 0, 531, 130, 5, 16, 1, 0, 0, 0] diff:[0, 0, 0, 1, 0, 0, 0, 0, 0, 0]
Iteration 1010 New: [0, 0, 534, 134, 5, 16, 0, 0, 0, 0] diff:[0, 0, 1, 0, 0, 0, 0, 0, 0, 0]
Iteration 1020 New: [0, 0, 538, 137, 5, 15, 0, 0, 0, 0] diff:[0, 0, 1, 0, 0, 0, 0, 0, 0, 0]
Iteration 1030 New: [0, 0, 543, 138, 5, 13, 0, 0, 0, 0] diff:[0, 0, 1, 0, 0, 0, 0, 0, 0, 0]
Iteration 1040 New: [0, 0, 550, 140, 5, 12, 0, 0, 0, 0] diff:[0, 0, 0, 0, 0, -1, 0, 0, 0, 0]
Iteration 1050 New: [0, 0, 555, 143, 5, 12, 0, 0, 0, 0] diff:[0, 0, 1, 0, 0, 0, 0, 0, 0, 0]
Iteration 1060 New: [0, 0, 560, 147, 5, 11, 0, 0, 0, 0] diff:[0, 0, 1, 0, 0, 0, 0, 0, 0, 0]
Iteration 1070 New: [0, 0, 562, 150, 5, 10, 0, 0, 0, 0] diff:[0, 0, 0, 1, 0, 0, 0, 0, 0, 0]
Iteration 1080 New: [0, 0, 566, 151, 5, 9, 0, 0, 0, 0] diff:[0, 0, 0, 1, 0, 0, 0, 0, 0, 0]
Iteration 1090 New: [0, 0, 569, 153, 5, 4, 0, 0, 0, 0] diff:[0, 0, 1, 0, 0, 0, 0, 0, 0, 0]
Iteration 1100 New: [0, 0, 574, 155, 5, 3, 0, 0, 0, 0] diff:[0, 0, 0, 1, 0, 0, 0, 0, 0, 0]
Iteration 1110 New: [0, 0, 575, 161, 5, 0, 0, 0, 0, 0] diff:[0, 0, 1, 0, 0, 0, 0, 0, 0, 0]
Iteration 1120 New: [0, 0, 581, 162, 4, 0, 0, 0, 0, 0] diff:[0, 0, 0, -1, 0, 0, 0, 0, 0, 0]
Iteration 1130 New: [0, 0, 584, 163, 2, 0, 0, 0, 0, 0] diff:[0, 0, 1, 0, 0, 0, 0, 0, 0, 0]
Iteration 1140 New: [0, 0, 589, 162, 0, 0, 0, 0, 0, 0] diff:[0, 0, 1, 0, 0, 0, 0, 0, 0, 0]
Iteration 1150 New: [0, 0, 594, 157, 0, 0, 0, 0, 0, 0] diff:[0, 0, 0, -1, 0, 0, 0, 0, 0, 0]
Iteration 1160 New: [0, 0, 595, 152, 0, 0, 0, 0, 0, 0] diff:[0, 0, 0, -1, 0, 0, 0, 0, 0, 0]
Iteration 1170 New: [0, 0, 601, 148, 0, 0, 0, 0, 0, 0] diff:[0, 0, 1, 0, 0, 0, 0, 0, 0, 0]
Iteration 1180 New: [0, 0, 604, 147, 0, 0, 0, 0, 0, 0] diff:[0, 0, 1, 0, 0, 0, 0, 0, 0, 0]
Iteration 1190 New: [0, 0, 610, 147, 0, 0, 0, 0, 0, 0] diff:[0, 0, 1, 0, 0, 0, 0, 0, 0, 0]
Iteration 1200 New: [0, 0, 612, 145, 0, 0, 0, 0, 0, 0] diff:[0, 0, 1, 0, 0, 0, 0, 0, 0, 0]
Iteration 1210 New: [0, 0, 616, 143, 0, 0, 0, 0, 0, 0] diff:[0, 0, 1, 0, 0, 0, 0, 0, 0, 0]
Iteration 1220 New: [0, 0, 619, 138, 0, 0, 0, 0, 0, 0] diff:[0, 0, 0, -1, 0, 0, 0, 0, 0, 0]
Iteration 1230 New: [0, 0, 625, 134, 0, 0, 0, 0, 0, 0] diff:[0, 0, 0, -1, 0, 0, 0, 0, 0, 0]
Iteration 1240 New: [0, 0, 631, 134, 0, 0, 0, 0, 0, 0] diff:[0, 0, 1, 0, 0, 0, 0, 0, 0, 0]
Iteration 1250 New: [0, 0, 638, 131, 0, 0, 0, 0, 0, 0] diff:[0, 0, 1, 0, 0, 0, 0, 0, 0, 0]
Iteration 1260 New: [0, 0, 638, 131, 0, 0, 0, 0, 0, 0] diff:[0, 0, 1, 0, 0, 0, 0, 0, 0, 0]
Iteration 1270 New: [0, 0, 644, 129, 0, 0, 0, 0, 0, 0] diff:[0, 0, 1, 0, 0, 0, 0, 0, 0, 0]
Iteration 1280 New: [0, 0, 651, 128, 0, 0, 0, 0, 0, 0] diff:[0, 0, 0, -1, 0, 0, 0, 0, 0, 0]
Iteration 1290 New: [0, 0, 656, 125, 0, 0, 0, 0, 0, 0] diff:[0, 0, 0, -1, 0, 0, 0, 0, 0, 0]
Iteration 1300 New: [0, 0, 655, 120, 0, 0, 0, 0, 0, 0] diff:[0, 0, -1, 0, 0, 0, 0, 0, 0, 0]
Iteration 1310 New: [0, 0, 661, 118, 0, 0, 0, 0, 0, 0] diff:[0, 0, 1, 0, 0, 0, 0, 0, 0, 0]
Iteration 1320 New: [0, 0, 664, 115, 0, 0, 0, 0, 0, 0] diff:[0, 0, 1, 0, 0, 0, 0, 0, 0, 0]
Iteration 1330 New: [0, 0, 671, 112, 0, 0, 0, 0, 0, 0] diff:[0, 0, 1, 0, 0, 0, 0, 0, 0, 0]
Iteration 1340 New: [0, 0, 673, 106, 0, 0, 0, 0, 0, 0] diff:[0, 0, 0, -1, 0, 0, 0, 0, 0, 0]
Iteration 1350 New: [0, 0, 678, 103, 0, 0, 0, 0, 0, 0] diff:[0, 0, 1, 0, 0, 0, 0, 0, 0, 0]
Iteration 1360 New: [0, 0, 680, 101, 0, 0, 0, 0, 0, 0] diff:[0, 0, 1, 0, 0, 0, 0, 0, 0, 0]
Iteration 1370 New: [0, 0, 683, 96, 0, 0, 0, 0, 0, 0] diff:[0, 0, 1, 0, 0, 0, 0, 0, 0, 0]
Iteration 1380 New: [0, 0, 689, 92, 0, 0, 0, 0, 0, 0] diff:[0, 0, 1, 0, 0, 0, 0, 0, 0, 0]
Iteration 1390 New: [0, 0, 695, 88, 0, 0, 0, 0, 0, 0] diff:[0, 0, 1, 0, 0, 0, 0, 0, 0, 0]
Iteration 1400 New: [0, 0, 697, 84, 0, 0, 0, 0, 0, 0] diff:[0, 0, -1, 0, 0, 0, 0, 0, 0, 0]
Iteration 1410 New: [0, 0, 703, 82, 0, 0, 0, 0, 0, 0] diff:[0, 0, 1, 0, 0, 0, 0, 0, 0, 0]
Iteration 1420 New: [0, 0, 709, 80, 0, 0, 0, 0, 0, 0] diff:[0, 0, 0, -1, 0, 0, 0, 0, 0, 0]
Iteration 1430 New: [0, 0, 714, 77, 0, 0, 0, 0, 0, 0] diff:[0, 0, 1, 0, 0, 0, 0, 0, 0, 0]
Iteration 1440 New: [0, 0, 714, 71, 0, 0, 0, 0, 0, 0] diff:[0, 0, -1, 0, 0, 0, 0, 0, 0, 0]
Iteration 1450 New: [0, 0, 719, 70, 0, 0, 0, 0, 0, 0] diff:[0, 0, 1, 0, 0, 0, 0, 0, 0, 0]
Iteration 1460 New: [0, 0, 720, 65, 0, 0, 0, 0, 0, 0] diff:[0, 0, 0, -1, 0, 0, 0, 0, 0, 0]
Iteration 1470 New: [0, 0, 723, 60, 0, 0, 0, 0, 0, 0] diff:[0, 0, 1, 0, 0, 0, 0, 0, 0, 0]
Iteration 1480 New: [0, 0, 729, 56, 0, 0, 0, 0, 0, 0] diff:[0, 0, 1, 0, 0, 0, 0, 0, 0, 0]
Iteration 1490 New: [0, 0, 733, 50, 0, 0, 0, 0, 0, 0] diff:[0, 0, 0, -1, 0, 0, 0, 0, 0, 0]
Iteration 1500 New: [0, 0, 736, 47, 0, 0, 0, 0, 0, 0] diff:[0, 0, 0, -1, 0, 0, 0, 0, 0, 0]
Iteration 1510 New: [0, 0, 740, 43, 0, 0, 0, 0, 0, 0] diff:[0, 0, 1, 0, 0, 0, 0, 0, 0, 0]
Iteration 1520 New: [0, 0, 745, 38, 0, 0, 0, 0, 0, 0] diff:[0, 0, 1, 0, 0, 0, 0, 0, 0, 0]
Iteration 1530 New: [0, 0, 748, 33, 0, 0, 0, 0, 0, 0] diff:[0, 0, 0, 1, 0, 0, 0, 0, 0, 0]
Iteration 1540 New: [0, 0, 754, 29, 0, 0, 0, 0, 0, 0] diff:[0, 0, 1, 0, 0, 0, 0, 0, 0, 0]
Iteration 1550 New: [0, 0, 763, 28, 0, 0, 0, 0, 0, 0] diff:[0, 0, 1, 0, 0, 0, 0, 0, 0, 0]
Iteration 1560 New: [0, 0, 767, 24, 0, 0, 0, 0, 0, 0] diff:[0, 0, 0, -1, 0, 0, 0, 0, 0, 0]
Iteration 1570 New: [0, 0, 768, 17, 0, 0, 0, 0, 0, 0] diff:[0, 0, 1, 0, 0, 0, 0, 0, 0, 0]
Iteration 1580 New: [0, 0, 775, 14, 0, 0, 0, 0, 0, 0] diff:[0, 0, 1, 0, 0, 0, 0, 0, 0, 0]
Iteration 1590 New: [0, 0, 780, 9, 0, 0, 0, 0, 0, 0] diff:[0, 0, 1, 0, 0, 0, 0, 0, 0, 0]
Iteration 1600 New: [0, 0, 786, 5, 0, 0, 0, 0, 0, 0] diff:[0, 0, 1, 0, 0, 0, 0, 0, 0, 0]
Iteration 1610 New: [0, 0, 794, 3, 0, 0, 0, 0, 0, 0] diff:[0, 0, 1, 0, 0, 0, 0, 0, 0, 0]
Iteration 1620 New: [0, 0, 801, 0, 0, 0, 0, 0, 0, 0] diff:[0, 0, 1, 0, 0, 0, 0, 0, 0, 0]
Iteration 1630 New: [0, 0, 809, 0, 0, 0, 0, 0, 0, 0] diff:[0, 0, 1, 0, 0, 0, 0, 0, 0, 0]
Iteration 1640 New: [0, 0, 809, 0, 0, 0, 0, 0, 0, 0] diff:[0, 0, -1, 0, 0, 0, 0, 0, 0, 0]
Iteration 1650 New: [0, 0, 815, 0, 0, 0, 0, 0, 0, 0] diff:[0, 0, 1, 0, 0, 0, 0, 0, 0, 0]
Iteration 1660 New: [0, 0, 813, 0, 0, 0, 0, 0, 0, 0] diff:[0, 0, -1, 0, 0, 0, 0, 0, 0, 0]
Iteration 1670 New: [0, 0, 815, 0, 0, 0, 0, 0, 0, 0] diff:[0, 0, -1, 0, 0, 0, 0, 0, 0, 0]
Iteration 1680 New: [0, 0, 815, 0, 0, 0, 0, 0, 0, 0] diff:[0, 0, -1, 0, 0, 0, 0, 0, 0, 0]
Iteration 1690 New: [0, 0, 817, 0, 0, 0, 0, 0, 0, 0] diff:[0, 0, 1, 0, 0, 0, 0, 0, 0, 0]
Iteration 1700 New: [0, 0, 817, 0, 0, 0, 0, 0, 0, 0] diff:[0, 0, -1, 0, 0, 0, 0, 0, 0, 0]
Iteration 1710 New: [0, 0, 819, 0, 0, 0, 0, 0, 0, 0] diff:[0, 0, -1, 0, 0, 0, 0, 0, 0, 0]
Iteration 1720 New: [0, 0, 827, 0, 0, 0, 0, 0, 0, 0] diff:[0, 0, 1, 0, 0, 0, 0, 0, 0, 0]
Iteration 1730 New: [0, 0, 825, 0, 0, 0, 0, 0, 0, 0] diff:[0, 0, -1, 0, 0, 0, 0, 0, 0, 0]
Iteration 1740 New: [0, 0, 827, 0, 0, 0, 0, 0, 0, 0] diff:[0, 0, 1, 0, 0, 0, 0, 0, 0, 0]
Iteration 1750 New: [0, 0, 827, 0, 0, 0, 0, 0, 0, 0] diff:[0, 0, 1, 0, 0, 0, 0, 0, 0, 0]
Iteration 1760 New: [0, 0, 827, 0, 0, 0, 0, 0, 0, 0] diff:[0, 0, 1, 0, 0, 0, 0, 0, 0, 0]
Iteration 1770 New: [0, 0, 827, 0, 0, 0, 0, 0, 0, 0] diff:[0, 0, 1, 0, 0, 0, 0, 0, 0, 0]
Iteration 1780 New: [0, 0, 833, 0, 0, 0, 0, 0, 0, 0] diff:[0, 0, 1, 0, 0, 0, 0, 0, 0, 0]
Iteration 1790 New: [0, 0, 827, 0, 0, 0, 0, 0, 0, 0] diff:[0, 0, 1, 0, 0, 0, 0, 0, 0, 0]
Iteration 1800 New: [0, 0, 825, 0, 0, 0, 0, 0, 0, 0] diff:[0, 0, -1, 0, 0, 0, 0, 0, 0, 0]
Iteration 1810 New: [0, 0, 821, 0, 0, 0, 0, 0, 0, 0] diff:[0, 0, -1, 0, 0, 0, 0, 0, 0, 0]
Iteration 1820 New: [0, 0, 819, 0, 0, 0, 0, 0, 0, 0] diff:[0, 0, -1, 0, 0, 0, 0, 0, 0, 0]
Iteration 1830 New: [0, 0, 819, 0, 0, 0, 0, 0, 0, 0] diff:[0, 0, -1, 0, 0, 0, 0, 0, 0, 0]
Iteration 1840 New: [0, 0, 819, 0, 0, 0, 0, 0, 0, 0] diff:[0, 0, -1, 0, 0, 0, 0, 0, 0, 0]
Iteration 1850 New: [0, 0, 827, 0, 0, 0, 0, 0, 0, 0] diff:[0, 0, 1, 0, 0, 0, 0, 0, 0, 0]
Iteration 1860 New: [0, 0, 827, 0, 0, 0, 0, 0, 0, 0] diff:[0, 0, -1, 0, 0, 0, 0, 0, 0, 0]
Iteration 1870 New: [0, 0, 829, 0, 0, 0, 0, 0, 0, 0] diff:[0, 0, 1, 0, 0, 0, 0, 0, 0, 0]
Iteration 1880 New: [0, 0, 831, 0, 0, 0, 0, 0, 0, 0] diff:[0, 0, 1, 0, 0, 0, 0, 0, 0, 0]
Iteration 1890 New: [0, 0, 833, 0, 0, 0, 0, 0, 0, 0] diff:[0, 0, -1, 0, 0, 0, 0, 0, 0, 0]
Iteration 1900 New: [0, 0, 835, 0, 0, 0, 0, 0, 0, 0] diff:[0, 0, -1, 0, 0, 0, 0, 0, 0, 0]
Iteration 1910 New: [0, 0, 833, 0, 0, 0, 0, 0, 0, 0] diff:[0, 0, -1, 0, 0, 0, 0, 0, 0, 0]
Iteration 1920 New: [0, 0, 831, 0, 0, 0, 0, 0, 0, 0] diff:[0, 0, -1, 0, 0, 0, 0, 0, 0, 0]
Iteration 1930 New: [0, 0, 827, 0, 0, 0, 0, 0, 0, 0] diff:[0, 0, 1, 0, 0, 0, 0, 0, 0, 0]
Iteration 1940 New: [0, 0, 827, 0, 0, 0, 0, 0, 0, 0] diff:[0, 0, 1, 0, 0, 0, 0, 0, 0, 0]
Iteration 1950 New: [0, 0, 827, 0, 0, 0, 0, 0, 0, 0] diff:[0, 0, 1, 0, 0, 0, 0, 0, 0, 0]
Iteration 1960 New: [0, 0, 827, 0, 0, 0, 0, 0, 0, 0] diff:[0, 0, 1, 0, 0, 0, 0, 0, 0, 0]
Iteration 1970 New: [0, 0, 827, 0, 0, 0, 0, 0, 0, 0] diff:[0, 0, 1, 0, 0, 0, 0, 0, 0, 0]
Iteration 1980 New: [0, 0, 823, 0, 0, 0, 0, 0, 0, 0] diff:[0, 0, -1, 0, 0, 0, 0, 0, 0, 0]
Iteration 1990 New: [0, 0, 817, 0, 0, 0, 0, 0, 0, 0] diff:[0, 0, -1, 0, 0, 0, 0, 0, 0, 0]
Iteration 2000 New: [0, 0, 821, 0, 0, 0, 0, 0, 0, 0] diff:[0, 0, 1, 0, 0, 0, 0, 0, 0, 0]
Iteration 2010 New: [0, 0, 823, 0, 0, 0, 0, 0, 0, 0] diff:[0, 0, 1, 0, 0, 0, 0, 0, 0, 0]
Iteration 2020 New: [0, 0, 819, 0, 0, 0, 0, 0, 0, 0] diff:[0, 0, -1, 0, 0, 0, 0, 0, 0, 0]
Iteration 2030 New: [0, 0, 821, 0, 0, 0, 0, 0, 0, 0] diff:[0, 0, 1, 0, 0, 0, 0, 0, 0, 0]
Iteration 2040 New: [0, 0, 821, 0, 0, 0, 0, 0, 0, 0] diff:[0, 0, 1, 0, 0, 0, 0, 0, 0, 0]
Iteration 2050 New: [0, 0, 817, 0, 0, 0, 0, 0, 0, 0] diff:[0, 0, -1, 0, 0, 0, 0, 0, 0, 0]
Iteration 2060 New: [0, 0, 813, 0, 0, 0, 0, 0, 0, 0] diff:[0, 0, -1, 0, 0, 0, 0, 0, 0, 0]
Iteration 2070 New: [0, 0, 815, 0, 0, 0, 0, 0, 0, 0] diff:[0, 0, -1, 0, 0, 0, 0, 0, 0, 0]
Iteration 2080 New: [0, 0, 813, 0, 0, 0, 0, 0, 0, 0] diff:[0, 0, -1, 0, 0, 0, 0, 0, 0, 0]
Iteration 2090 New: [0, 0, 815, 0, 0, 0, 0, 0, 0, 0] diff:[0, 0, 1, 0, 0, 0, 0, 0, 0, 0]
Iteration 2100 New: [0, 0, 817, 0, 0, 0, 0, 0, 0, 0] diff:[0, 0, 1, 0, 0, 0, 0, 0, 0, 0]
Iteration 2110 New: [0, 0, 819, 0, 0, 0, 0, 0, 0, 0] diff:[0, 0, 1, 0, 0, 0, 0, 0, 0, 0]
Iteration 2120 New: [0, 0, 819, 0, 0, 0, 0, 0, 0, 0] diff:[0, 0, -1, 0, 0, 0, 0, 0, 0, 0]
Iteration 2130 New: [0, 0, 821, 0, 0, 0, 0, 0, 0, 0] diff:[0, 0, -1, 0, 0, 0, 0, 0, 0, 0]
Iteration 2140 New: [0, 0, 819, 0, 0, 0, 0, 0, 0, 0] diff:[0, 0, 1, 0, 0, 0, 0, 0, 0, 0]
Iteration 2150 New: [0, 0, 823, 0, 0, 0, 0, 0, 0, 0] diff:[0, 0, -1, 0, 0, 0, 0, 0, 0, 0]
Iteration 2160 New: [0, 0, 819, 0, 0, 0, 0, 0, 0, 0] diff:[0, 0, -1, 0, 0, 0, 0, 0, 0, 0]
Iteration 2170 New: [0, 0, 823, 0, 0, 0, 0, 0, 0, 0] diff:[0, 0, -1, 0, 0, 0, 0, 0, 0, 0]
Iteration 2180 New: [0, 0, 821, 0, 0, 0, 0, 0, 0, 0] diff:[0, 0, -1, 0, 0, 0, 0, 0, 0, 0]
Iteration 2190 New: [0, 0, 821, 0, 0, 0, 0, 0, 0, 0] diff:[0, 0, 1, 0, 0, 0, 0, 0, 0, 0]
Iteration 2200 New: [0, 0, 823, 0, 0, 0, 0, 0, 0, 0] diff:[0, 0, 1, 0, 0, 0, 0, 0, 0, 0]
Iteration 2210 New: [0, 0, 827, 0, 0, 0, 0, 0, 0, 0] diff:[0, 0, 1, 0, 0, 0, 0, 0, 0, 0]
Iteration 2220 New: [0, 0, 831, 0, 0, 0, 0, 0, 0, 0] diff:[0, 0, 1, 0, 0, 0, 0, 0, 0, 0]
Iteration 2230 New: [0, 0, 835, 0, 0, 0, 0, 0, 0, 0] diff:[0, 0, -1, 0, 0, 0, 0, 0, 0, 0]
Iteration 2240 New: [0, 0, 829, 0, 0, 0, 0, 0, 0, 0] diff:[0, 0, -1, 0, 0, 0, 0, 0, 0, 0]
Iteration 2250 New: [0, 0, 829, 0, 0, 0, 0, 0, 0, 0] diff:[0, 0, -1, 0, 0, 0, 0, 0, 0, 0]
Iteration 2260 New: [0, 0, 831, 0, 0, 0, 0, 0, 0, 0] diff:[0, 0, 1, 0, 0, 0, 0, 0, 0, 0]
Iteration 2270 New: [0, 0, 833, 0, 0, 0, 0, 0, 0, 0] diff:[0, 0, -1, 0, 0, 0, 0, 0, 0, 0]
Iteration 2280 New: [0, 0, 833, 0, 0, 0, 0, 0, 0, 0] diff:[0, 0, -1, 0, 0, 0, 0, 0, 0, 0]
Iteration 2290 New: [0, 0, 837, 0, 0, 0, 0, 0, 0, 0] diff:[0, 0, 1, 0, 0, 0, 0, 0, 0, 0]
Iteration 2300 New: [0, 0, 831, 0, 0, 0, 0, 0, 0, 0] diff:[0, 0, -1, 0, 0, 0, 0, 0, 0, 0]
Iteration 2310 New: [0, 0, 831, 0, 0, 0, 0, 0, 0, 0] diff:[0, 0, 1, 0, 0, 0, 0, 0, 0, 0]
Iteration 2320 New: [0, 0, 829, 0, 0, 0, 0, 0, 0, 0] diff:[0, 0, 1, 0, 0, 0, 0, 0, 0, 0]
Iteration 2330 New: [0, 0, 827, 0, 0, 0, 0, 0, 0, 0] diff:[0, 0, 1, 0, 0, 0, 0, 0, 0, 0]
Iteration 2340 New: [0, 0, 829, 0, 0, 0, 0, 0, 0, 0] diff:[0, 0, -1, 0, 0, 0, 0, 0, 0, 0]
Iteration 2350 New: [0, 0, 829, 0, 0, 0, 0, 0, 0, 0] diff:[0, 0, 1, 0, 0, 0, 0, 0, 0, 0]
Iteration 2360 New: [0, 0, 829, 0, 0, 0, 0, 0, 0, 0] diff:[0, 0, -1, 0, 0, 0, 0, 0, 0, 0]
Iteration 2370 New: [0, 0, 833, 0, 0, 0, 0, 0, 0, 0] diff:[0, 0, -1, 0, 0, 0, 0, 0, 0, 0]
Iteration 2380 New: [0, 0, 837, 0, 0, 0, 0, 0, 0, 0] diff:[0, 0, 1, 0, 0, 0, 0, 0, 0, 0]
Iteration 2390 New: [0, 0, 831, 0, 0, 0, 0, 0, 0, 0] diff:[0, 0, -1, 0, 0, 0, 0, 0, 0, 0]
Iteration 2400 New: [0, 0, 833, 0, 0, 0, 0, 0, 0, 0] diff:[0, 0, 1, 0, 0, 0, 0, 0, 0, 0]
Iteration 2410 New: [0, 0, 827, 0, 0, 0, 0, 0, 0, 0] diff:[0, 0, 1, 0, 0, 0, 0, 0, 0, 0]
Iteration 2420 New: [0, 0, 827, 0, 0, 0, 0, 0, 0, 0] diff:[0, 0, -1, 0, 0, 0, 0, 0, 0, 0]
Iteration 2430 New: [0, 0, 827, 0, 0, 0, 0, 0, 0, 0] diff:[0, 0, -1, 0, 0, 0, 0, 0, 0, 0]
Iteration 2440 New: [0, 0, 827, 0, 0, 0, 0, 0, 0, 0] diff:[0, 0, -1, 0, 0, 0, 0, 0, 0, 0]
Iteration 2450 New: [0, 0, 825, 0, 0, 0, 0, 0, 0, 0] diff:[0, 0, 1, 0, 0, 0, 0, 0, 0, 0]
Iteration 2460 New: [0, 0, 829, 0, 0, 0, 0, 0, 0, 0] diff:[0, 0, 1, 0, 0, 0, 0, 0, 0, 0]
Iteration 2470 New: [0, 0, 827, 0, 0, 0, 0, 0, 0, 0] diff:[0, 0, 1, 0, 0, 0, 0, 0, 0, 0]
Iteration 2480 New: [0, 0, 829, 0, 0, 0, 0, 0, 0, 0] diff:[0, 0, 1, 0, 0, 0, 0, 0, 0, 0]
Iteration 2490 New: [0, 0, 829, 0, 0, 0, 0, 0, 0, 0] diff:[0, 0, -1, 0, 0, 0, 0, 0, 0, 0]
Iteration 2500 New: [0, 0, 831, 0, 0, 0, 0, 0, 0, 0] diff:[0, 0, 1, 0, 0, 0, 0, 0, 0, 0]
Iteration 2510 New: [0, 0, 829, 0, 0, 0, 0, 0, 0, 0] diff:[0, 0, -1, 0, 0, 0, 0, 0, 0, 0]
Iteration 2520 New: [0, 0, 831, 0, 0, 0, 0, 0, 0, 0] diff:[0, 0, -1, 0, 0, 0, 0, 0, 0, 0]
Iteration 2530 New: [0, 0, 831, 0, 0, 0, 0, 0, 0, 0] diff:[0, 0, 1, 0, 0, 0, 0, 0, 0, 0]
Iteration 2540 New: [0, 0, 827, 0, 0, 0, 0, 0, 0, 0] diff:[0, 0, -1, 0, 0, 0, 0, 0, 0, 0]
Iteration 2550 New: [0, 0, 829, 0, 0, 0, 0, 0, 0, 0] diff:[0, 0, -1, 0, 0, 0, 0, 0, 0, 0]
Iteration 2560 New: [0, 0, 825, 0, 0, 0, 0, 0, 0, 0] diff:[0, 0, -1, 0, 0, 0, 0, 0, 0, 0]
Iteration 2570 New: [0, 0, 821, 0, 0, 0, 0, 0, 0, 0] diff:[0, 0, 1, 0, 0, 0, 0, 0, 0, 0]
Iteration 2580 New: [0, 0, 821, 0, 0, 0, 0, 0, 0, 0] diff:[0, 0, 1, 0, 0, 0, 0, 0, 0, 0]
Iteration 2590 New: [0, 0, 821, 0, 0, 0, 0, 0, 0, 0] diff:[0, 0, -1, 0, 0, 0, 0, 0, 0, 0]
Iteration 2600 New: [0, 0, 825, 0, 0, 0, 0, 0, 0, 0] diff:[0, 0, 1, 0, 0, 0, 0, 0, 0, 0]
Iteration 2610 New: [0, 0, 831, 0, 0, 0, 0, 0, 0, 0] diff:[0, 0, 1, 0, 0, 0, 0, 0, 0, 0]
Iteration 2620 New: [0, 0, 833, 0, 0, 0, 0, 0, 0, 0] diff:[0, 0, 1, 0, 0, 0, 0, 0, 0, 0]
Iteration 2630 New: [0, 0, 837, 0, 0, 0, 0, 0, 0, 0] diff:[0, 0, 1, 0, 0, 0, 0, 0, 0, 0]
Iteration 2640 New: [0, 0, 837, 0, 0, 0, 0, 0, 0, 0] diff:[0, 0, -1, 0, 0, 0, 0, 0, 0, 0]
Iteration 2650 New: [0, 0, 839, 0, 0, 0, 0, 0, 0, 0] diff:[0, 0, 1, 0, 0, 0, 0, 0, 0, 0]
Iteration 2660 New: [0, 0, 837, 0, 0, 0, 0, 0, 0, 0] diff:[0, 0, 1, 0, 0, 0, 0, 0, 0, 0]
Iteration 2670 New: [0, 0, 837, 0, 0, 0, 0, 0, 0, 0] diff:[0, 0, -1, 0, 0, 0, 0, 0, 0, 0]
Iteration 2680 New: [0, 0, 841, 0, 0, 0, 0, 0, 0, 0] diff:[0, 0, -1, 0, 0, 0, 0, 0, 0, 0]
Iteration 2690 New: [0, 0, 833, 0, 0, 0, 0, 0, 0, 0] diff:[0, 0, 1, 0, 0, 0, 0, 0, 0, 0]
Iteration 2700 New: [0, 0, 835, 0, 0, 0, 0, 0, 0, 0] diff:[0, 0, 1, 0, 0, 0, 0, 0, 0, 0]
Iteration 2710 New: [0, 0, 835, 0, 0, 0, 0, 0, 0, 0] diff:[0, 0, -1, 0, 0, 0, 0, 0, 0, 0]
Iteration 2720 New: [0, 0, 837, 0, 0, 0, 0, 0, 0, 0] diff:[0, 0, 1, 0, 0, 0, 0, 0, 0, 0]
Iteration 2730 New: [0, 0, 841, 0, 0, 0, 0, 0, 0, 0] diff:[0, 0, 1, 0, 0, 0, 0, 0, 0, 0]
Iteration 2740 New: [0, 0, 845, 0, 0, 0, 0, 0, 0, 0] diff:[0, 0, 1, 0, 0, 0, 0, 0, 0, 0]
Iteration 2750 New: [0, 0, 841, 0, 0, 0, 0, 0, 0, 0] diff:[0, 0, 1, 0, 0, 0, 0, 0, 0, 0]
Iteration 2760 New: [0, 0, 837, 0, 0, 0, 0, 0, 0, 0] diff:[0, 0, -1, 0, 0, 0, 0, 0, 0, 0]
Iteration 2770 New: [0, 0, 833, 0, 0, 0, 0, 0, 0, 0] diff:[0, 0, -1, 0, 0, 0, 0, 0, 0, 0]
Iteration 2780 New: [0, 0, 829, 0, 0, 0, 0, 0, 0, 0] diff:[0, 0, -1, 0, 0, 0, 0, 0, 0, 0]
Iteration 2790 New: [0, 0, 827, 0, 0, 0, 0, 0, 0, 0] diff:[0, 0, 1, 0, 0, 0, 0, 0, 0, 0]
Iteration 2800 New: [0, 0, 831, 0, 0, 0, 0, 0, 0, 0] diff:[0, 0, -1, 0, 0, 0, 0, 0, 0, 0]
Iteration 2810 New: [0, 0, 829, 0, 0, 0, 0, 0, 0, 0] diff:[0, 0, -1, 0, 0, 0, 0, 0, 0, 0]
Iteration 2820 New: [0, 0, 831, 0, 0, 0, 0, 0, 0, 0] diff:[0, 0, 1, 0, 0, 0, 0, 0, 0, 0]
Iteration 2830 New: [0, 0, 825, 0, 0, 0, 0, 0, 0, 0] diff:[0, 0, -1, 0, 0, 0, 0, 0, 0, 0]
Iteration 2840 New: [0, 0, 827, 0, 0, 0, 0, 0, 0, 0] diff:[0, 0, 1, 0, 0, 0, 0, 0, 0, 0]
Iteration 2850 New: [0, 0, 827, 0, 0, 0, 0, 0, 0, 0] diff:[0, 0, -1, 0, 0, 0, 0, 0, 0, 0]
Iteration 2860 New: [0, 0, 829, 0, 0, 0, 0, 0, 0, 0] diff:[0, 0, -1, 0, 0, 0, 0, 0, 0, 0]
Iteration 2870 New: [0, 0, 823, 0, 0, 0, 0, 0, 0, 0] diff:[0, 0, -1, 0, 0, 0, 0, 0, 0, 0]
Iteration 2880 New: [0, 0, 821, 0, 0, 0, 0, 0, 0, 0] diff:[0, 0, 1, 0, 0, 0, 0, 0, 0, 0]
Iteration 2890 New: [0, 0, 829, 0, 0, 0, 0, 0, 0, 0] diff:[0, 0, 1, 0, 0, 0, 0, 0, 0, 0]
Iteration 2900 New: [0, 0, 827, 0, 0, 0, 0, 0, 0, 0] diff:[0, 0, 1, 0, 0, 0, 0, 0, 0, 0]
Iteration 2910 New: [0, 0, 827, 0, 0, 0, 0, 0, 0, 0] diff:[0, 0, 1, 0, 0, 0, 0, 0, 0, 0]
Iteration 2920 New: [0, 0, 823, 0, 0, 0, 0, 0, 0, 0] diff:[0, 0, -1, 0, 0, 0, 0, 0, 0, 0]
Iteration 2930 New: [0, 0, 823, 0, 0, 0, 0, 0, 0, 0] diff:[0, 0, -1, 0, 0, 0, 0, 0, 0, 0]
Iteration 2940 New: [0, 0, 825, 0, 0, 0, 0, 0, 0, 0] diff:[0, 0, 1, 0, 0, 0, 0, 0, 0, 0]
Iteration 2950 New: [0, 0, 821, 0, 0, 0, 0, 0, 0, 0] diff:[0, 0, -1, 0, 0, 0, 0, 0, 0, 0]
Iteration 2960 New: [0, 0, 823, 0, 0, 0, 0, 0, 0, 0] diff:[0, 0, -1, 0, 0, 0, 0, 0, 0, 0]
Iteration 2970 New: [0, 0, 821, 0, 0, 0, 0, 0, 0, 0] diff:[0, 0, -1, 0, 0, 0, 0, 0, 0, 0]
Iteration 2980 New: [0, 0, 819, 0, 0, 0, 0, 0, 0, 0] diff:[0, 0, -1, 0, 0, 0, 0, 0, 0, 0]
Iteration 2990 New: [0, 0, 821, 0, 0, 0, 0, 0, 0, 0] diff:[0, 0, -1, 0, 0, 0, 0, 0, 0, 0]
Auto-stopped algorithm at 3000th iteration

A target 10000 more iterations took 11430065789 ns.
Total iterations 3000
Total algorithm runtime 11430065789 ns
  or 11430.065789 ms