windsurfers.gt
Iteration 10 New: [0, 0, 2, 7, 3, 13, 21, 25, 18, 8] diff:[0, 0, 1, 0, 0, 0, 0, 0, 0, 0]
Iteration 20 New: [0, 0, 7, 8, 3, 13, 21, 25, 18, 6] diff:[0, 0, 1, 0, 0, 0, 0, 0, 0, 0]
Iteration 30 New: [0, 0, 13, 8, 3, 13, 21, 25, 18, 6] diff:[0, 0, 1, 0, 0, 0, 0, 0, 0, 0]
Iteration 40 New: [0, 0, 21, 9, 3, 13, 21, 25, 18, 5] diff:[0, 0, 1, 0, 0, 0, 0, 0, 0, 0]
Iteration 50 New: [0, 0, 27, 9, 3, 13, 21, 25, 18, 5] diff:[0, 0, 0, -1, 0, 0, 0, 0, 0, 0]
Iteration 60 New: [0, 0, 31, 9, 3, 13, 21, 25, 18, 5] diff:[0, 0, 1, 0, 0, 0, 0, 0, 0, 0]
Iteration 70 New: [0, 0, 29, 9, 3, 13, 21, 25, 18, 5] diff:[0, 0, 1, 0, 0, 0, 0, 0, 0, 0]
Iteration 80 New: [0, 0, 35, 9, 3, 13, 21, 25, 18, 5] diff:[0, 0, 1, 0, 0, 0, 0, 0, 0, 0]
Iteration 90 New: [0, 0, 39, 9, 3, 13, 21, 25, 18, 5] diff:[0, 0, 1, 0, 0, 0, 0, 0, 0, 0]
Iteration 100 New: [0, 0, 48, 9, 3, 13, 21, 25, 18, 4] diff:[0, 0, 1, 0, 0, 0, 0, 0, 0, 0]
Iteration 110 New: [0, 0, 54, 11, 3, 13, 21, 25, 18, 4] diff:[0, 0, 0, 1, 0, 0, 0, 0, 0, 0]
Iteration 120 New: [0, 0, 60, 11, 3, 13, 21, 25, 18, 4] diff:[0, 0, 1, 0, 0, 0, 0, 0, 0, 0]
Iteration 130 New: [0, 0, 67, 12, 3, 13, 21, 25, 18, 4] diff:[0, 0, -1, 0, 0, 0, 0, 0, 0, 0]
Iteration 140 New: [0, 0, 70, 13, 3, 13, 21, 25, 18, 4] diff:[0, 0, 1, 0, 0, 0, 0, 0, 0, 0]
Iteration 150 New: [0, 0, 74, 13, 3, 13, 21, 25, 18, 4] diff:[0, 0, 1, 0, 0, 0, 0, 0, 0, 0]
Iteration 160 New: [0, 0, 78, 13, 3, 13, 21, 25, 18, 4] diff:[0, 0, 1, 0, 0, 0, 0, 0, 0, 0]
Iteration 170 New: [0, 0, 84, 13, 3, 13, 21, 25, 18, 4] diff:[0, 0, -1, 0, 0, 0, 0, 0, 0, 0]
Iteration 180 New: [0, 0, 88, 13, 3, 13, 21, 25, 18, 4] diff:[0, 0, 1, 0, 0, 0, 0, 0, 0, 0]
Iteration 190 New: [0, 0, 94, 13, 3, 13, 21, 25, 18, 4] diff:[0, 0, -1, 0, 0, 0, 0, 0, 0, 0]
Iteration 200 New: [0, 0, 100, 13, 3, 13, 21, 25, 18, 4] diff:[0, 0, 1, 0, 0, 0, 0, 0, 0, 0]
Iteration 210 New: [0, 0, 106, 13, 3, 13, 21, 25, 18, 4] diff:[0, 0, 1, 0, 0, 0, 0, 0, 0, 0]
Iteration 220 New: [0, 0, 112, 13, 4, 13, 21, 25, 18, 3] diff:[0, 0, 1, 0, 0, 0, 0, 0, 0, 0]
Iteration 230 New: [0, 0, 121, 14, 4, 13, 21, 25, 18, 3] diff:[0, 0, 1, 0, 0, 0, 0, 0, 0, 0]
Iteration 240 New: [0, 0, 129, 14, 4, 13, 21, 25, 18, 3] diff:[0, 0, 1, 0, 0, 0, 0, 0, 0, 0]
Iteration 250 New: [0, 0, 138, 15, 4, 13, 21, 25, 18, 3] diff:[0, 0, 1, 0, 0, 0, 0, 0, 0, 0]
Iteration 260 New: [0, 0, 139, 16, 4, 13, 21, 25, 18, 3] diff:[0, 0, 1, 0, 0, 0, 0, 0, 0, 0]
Iteration 270 New: [0, 0, 145, 16, 4, 13, 21, 25, 18, 3] diff:[0, 0, 1, 0, 0, 0, 0, 0, 0, 0]
Iteration 280 New: [0, 0, 152, 17, 4, 13, 21, 25, 18, 3] diff:[0, 0, 1, 0, 0, 0, 0, 0, 0, 0]
Iteration 290 New: [0, 0, 156, 17, 4, 13, 21, 25, 18, 3] diff:[0, 0, 1, 0, 0, 0, 0, 0, 0, 0]
Iteration 300 New: [0, 0, 161, 17, 4, 13, 21, 25, 18, 2] diff:[0, 0, 1, 0, 0, 0, 0, 0, 0, 0]
Iteration 310 New: [0, 0, 168, 18, 4, 13, 21, 25, 18, 0] diff:[0, 0, 1, 0, 0, 0, 0, 0, 0, 0]
Iteration 320 New: [0, 0, 173, 19, 4, 13, 21, 25, 18, 0] diff:[0, 0, 1, 0, 0, 0, 0, 0, 0, 0]
Iteration 330 New: [0, 0, 180, 20, 4, 13, 21, 25, 18, 0] diff:[0, 0, 1, 0, 0, 0, 0, 0, 0, 0]
Iteration 340 New: [0, 0, 188, 20, 4, 13, 21, 25, 18, 0] diff:[0, 0, 1, 0, 0, 0, 0, 0, 0, 0]
Iteration 350 New: [0, 0, 194, 20, 4, 13, 21, 25, 18, 0] diff:[0, 0, 1, 0, 0, 0, 0, 0, 0, 0]
Iteration 360 New: [0, 0, 198, 20, 4, 13, 21, 25, 18, 0] diff:[0, 0, 1, 0, 0, 0, 0, 0, 0, 0]
Iteration 370 New: [0, 0, 206, 21, 4, 13, 21, 25, 17, 0] diff:[0, 0, 1, 0, 0, 0, 0, 0, 0, 0]
Iteration 380 New: [0, 0, 213, 21, 4, 13, 21, 25, 14, 0] diff:[0, 0, 0, 0, 0, 0, 0, 0, -1, 0]
Iteration 390 New: [0, 0, 217, 21, 4, 13, 21, 25, 14, 0] diff:[0, 0, 1, 0, 0, 0, 0, 0, 0, 0]
Iteration 400 New: [0, 0, 226, 22, 4, 13, 21, 25, 14, 0] diff:[0, 0, 1, 0, 0, 0, 0, 0, 0, 0]
Iteration 410 New: [0, 0, 228, 22, 4, 13, 21, 25, 14, 0] diff:[0, 0, -1, 0, 0, 0, 0, 0, 0, 0]
Iteration 420 New: [0, 0, 236, 22, 4, 13, 21, 25, 14, 0] diff:[0, 0, 1, 0, 0, 0, 0, 0, 0, 0]
Iteration 430 New: [0, 0, 241, 21, 4, 13, 21, 25, 10, 0] diff:[0, 0, 0, 0, 0, 0, 0, 0, -1, 0]
Iteration 440 New: [0, 0, 247, 23, 4, 13, 21, 25, 10, 0] diff:[0, 0, 1, 0, 0, 0, 0, 0, 0, 0]
Iteration 450 New: [0, 0, 253, 24, 4, 13, 21, 25, 7, 0] diff:[0, 0, 0, 0, 0, 0, 0, 0, -1, 0]
Iteration 460 New: [0, 0, 259, 24, 4, 13, 21, 25, 5, 0] diff:[0, 0, -1, 0, 0, 0, 0, 0, 0, 0]
Iteration 470 New: [0, 0, 267, 24, 4, 13, 21, 25, 5, 0] diff:[0, 0, 1, 0, 0, 0, 0, 0, 0, 0]
Iteration 480 New: [0, 0, 274, 25, 4, 13, 21, 25, 5, 0] diff:[0, 0, 1, 0, 0, 0, 0, 0, 0, 0]
Iteration 490 New: [0, 0, 276, 27, 4, 13, 21, 25, 5, 0] diff:[0, 0, 1, 0, 0, 0, 0, 0, 0, 0]
Iteration 500 New: [0, 0, 285, 28, 4, 13, 21, 25, 5, 0] diff:[0, 0, 1, 0, 0, 0, 0, 0, 0, 0]
Iteration 510 New: [0, 0, 290, 30, 4, 13, 21, 25, 4, 0] diff:[0, 0, 1, 0, 0, 0, 0, 0, 0, 0]
Iteration 520 New: [0, 0, 299, 30, 4, 14, 21, 25, 4, 0] diff:[0, 0, 1, 0, 0, 0, 0, 0, 0, 0]
Iteration 530 New: [0, 0, 302, 31, 4, 14, 21, 25, 4, 0] diff:[0, 0, 1, 0, 0, 0, 0, 0, 0, 0]
Iteration 540 New: [0, 0, 305, 33, 4, 14, 21, 25, 1, 0] diff:[0, 0, 1, 0, 0, 0, 0, 0, 0, 0]
Iteration 550 New: [0, 0, 311, 35, 4, 14, 21, 25, 1, 0] diff:[0, 0, 1, 0, 0, 0, 0, 0, 0, 0]
Iteration 560 New: [0, 0, 320, 35, 4, 14, 21, 25, 0, 0] diff:[0, 0, 0, 0, 0, 0, 0, 0, -1, 0]
Iteration 570 New: [0, 0, 327, 35, 4, 14, 21, 24, 0, 0] diff:[0, 0, 1, 0, 0, 0, 0, 0, 0, 0]
Iteration 580 New: [0, 0, 335, 35, 4, 14, 21, 24, 0, 0] diff:[0, 0, 1, 0, 0, 0, 0, 0, 0, 0]
Iteration 590 New: [0, 0, 343, 35, 4, 14, 21, 24, 0, 0] diff:[0, 0, 1, 0, 0, 0, 0, 0, 0, 0]
Iteration 600 New: [0, 0, 348, 37, 4, 14, 21, 23, 0, 0] diff:[0, 0, -1, 0, 0, 0, 0, 0, 0, 0]
Iteration 610 New: [0, 0, 355, 40, 4, 14, 21, 23, 0, 0] diff:[0, 0, 1, 0, 0, 0, 0, 0, 0, 0]
Iteration 620 New: [0, 0, 364, 41, 4, 14, 21, 23, 0, 0] diff:[0, 0, 1, 0, 0, 0, 0, 0, 0, 0]
Iteration 630 New: [0, 0, 369, 44, 4, 14, 21, 21, 0, 0] diff:[0, 0, 0, 0, 0, 0, 0, -1, 0, 0]
Iteration 640 New: [0, 0, 377, 44, 4, 14, 21, 19, 0, 0] diff:[0, 0, 1, 0, 0, 0, 0, 0, 0, 0]
Iteration 650 New: [0, 0, 382, 47, 4, 14, 21, 19, 0, 0] diff:[0, 0, 0, 1, 0, 0, 0, 0, 0, 0]
Iteration 660 New: [0, 0, 389, 48, 4, 14, 21, 19, 0, 0] diff:[0, 0, 1, 0, 0, 0, 0, 0, 0, 0]
Iteration 670 New: [0, 0, 398, 48, 4, 14, 21, 18, 0, 0] diff:[0, 0, 0, 0, 0, 0, 0, -1, 0, 0]
Iteration 680 New: [0, 0, 404, 48, 4, 14, 21, 16, 0, 0] diff:[0, 0, 1, 0, 0, 0, 0, 0, 0, 0]
Iteration 690 New: [0, 0, 408, 48, 4, 14, 21, 14, 0, 0] diff:[0, 0, 1, 0, 0, 0, 0, 0, 0, 0]
Iteration 700 New: [0, 0, 416, 50, 4, 14, 21, 14, 0, 0] diff:[0, 0, 1, 0, 0, 0, 0, 0, 0, 0]
Iteration 710 New: [0, 0, 420, 54, 4, 14, 21, 12, 0, 0] diff:[0, 0, 0, 1, 0, 0, 0, 0, 0, 0]
Iteration 720 New: [0, 0, 424, 54, 4, 14, 21, 10, 0, 0] diff:[0, 0, 1, 0, 0, 0, 0, 0, 0, 0]
Iteration 730 New: [0, 0, 426, 58, 4, 14, 21, 10, 0, 0] diff:[0, 0, 1, 0, 0, 0, 0, 0, 0, 0]
Iteration 740 New: [0, 0, 432, 58, 4, 14, 21, 10, 0, 0] diff:[0, 0, 0, 1, 0, 0, 0, 0, 0, 0]
Iteration 750 New: [0, 0, 438, 58, 4, 14, 21, 10, 0, 0] diff:[0, 0, -1, 0, 0, 0, 0, 0, 0, 0]
Iteration 760 New: [0, 0, 441, 59, 4, 14, 21, 10, 0, 0] diff:[0, 0, 1, 0, 0, 0, 0, 0, 0, 0]
Iteration 770 New: [0, 0, 445, 61, 4, 14, 21, 10, 0, 0] diff:[0, 0, 1, 0, 0, 0, 0, 0, 0, 0]
Iteration 780 New: [0, 0, 451, 62, 4, 14, 21, 9, 0, 0] diff:[0, 0, 1, 0, 0, 0, 0, 0, 0, 0]
Iteration 790 New: [0, 0, 458, 64, 4, 14, 21, 8, 0, 0] diff:[0, 0, 0, 1, 0, 0, 0, 0, 0, 0]
Iteration 800 New: [0, 0, 462, 65, 4, 14, 21, 5, 0, 0] diff:[0, 0, 0, 0, 0, 0, 0, -1, 0, 0]
Iteration 810 New: [0, 0, 466, 67, 4, 14, 21, 3, 0, 0] diff:[0, 0, 1, 0, 0, 0, 0, 0, 0, 0]
Iteration 820 New: [0, 0, 471, 67, 4, 14, 21, 2, 0, 0] diff:[0, 0, 0, 0, 0, 0, 0, -1, 0, 0]
Iteration 830 New: [0, 0, 477, 68, 4, 14, 21, 1, 0, 0] diff:[0, 0, 1, 0, 0, 0, 0, 0, 0, 0]
Iteration 840 New: [0, 0, 483, 70, 4, 14, 21, 1, 0, 0] diff:[0, 0, 0, 1, 0, 0, 0, 0, 0, 0]
Iteration 850 New: [0, 0, 485, 71, 4, 14, 21, 0, 0, 0] diff:[0, 0, 0, 1, 0, 0, 0, 0, 0, 0]
Iteration 860 New: [0, 0, 492, 72, 4, 14, 19, 0, 0, 0] diff:[0, 0, 1, 0, 0, 0, 0, 0, 0, 0]
Iteration 870 New: [0, 0, 496, 75, 4, 14, 18, 0, 0, 0] diff:[0, 0, 1, 0, 0, 0, 0, 0, 0, 0]
Iteration 880 New: [0, 0, 498, 78, 4, 14, 17, 0, 0, 0] diff:[0, 0, 1, 0, 0, 0, 0, 0, 0, 0]
Iteration 890 New: [0, 0, 504, 78, 4, 14, 17, 0, 0, 0] diff:[0, 0, 1, 0, 0, 0, 0, 0, 0, 0]
Iteration 900 New: [0, 0, 506, 80, 4, 14, 17, 0, 0, 0] diff:[0, 0, 0, 1, 0, 0, 0, 0, 0, 0]
Iteration 910 New: [0, 0, 514, 81, 4, 14, 16, 0, 0, 0] diff:[0, 0, 0, 1, 0, 0, 0, 0, 0, 0]
Iteration 920 New: [0, 0, 518, 81, 4, 14, 14, 0, 0, 0] diff:[0, 0, 1, 0, 0, 0, 0, 0, 0, 0]
Iteration 930 New: [0, 0, 522, 84, 4, 14, 11, 0, 0, 0] diff:[0, 0, 0, 1, 0, 0, 0, 0, 0, 0]
Iteration 940 New: [0, 0, 527, 86, 4, 14, 10, 0, 0, 0] diff:[0, 0, 1, 0, 0, 0, 0, 0, 0, 0]
Iteration 950 New: [0, 0, 532, 88, 4, 14, 7, 0, 0, 0] diff:[0, 0, 0, 1, 0, 0, 0, 0, 0, 0]
Iteration 960 New: [0, 0, 539, 88, 4, 14, 6, 0, 0, 0] diff:[0, 0, 1, 0, 0, 0, 0, 0, 0, 0]
Iteration 970 New: [0, 0, 543, 90, 4, 14, 4, 0, 0, 0] diff:[0, 0, 1, 0, 0, 0, 0, 0, 0, 0]
Iteration 980 New: [0, 0, 551, 92, 4, 14, 4, 0, 0, 0] diff:[0, 0, 1, 0, 0, 0, 0, 0, 0, 0]
Iteration 990 New: [0, 0, 555, 94, 4, 14, 2, 0, 0, 0] diff:[0, 0, 0, 1, 0, 0, 0, 0, 0, 0]
Iteration 1000 New: [0, 0, 559, 96, 4, 14, 0, 0, 0, 0] diff:[0, 0, 0, 0, 0, 0, -1, 0, 0, 0]
Iteration 1010 New: [0, 0, 568, 97, 4, 14, 0, 0, 0, 0] diff:[0, 0, 1, 0, 0, 0, 0, 0, 0, 0]
Iteration 1020 New: [0, 0, 573, 99, 4, 13, 0, 0, 0, 0] diff:[0, 0, 0, 1, 0, 0, 0, 0, 0, 0]
Iteration 1030 New: [0, 0, 576, 101, 5, 13, 0, 0, 0, 0] diff:[0, 0, 0, -1, 0, 0, 0, 0, 0, 0]
Iteration 1040 New: [0, 0, 581, 100, 4, 12, 0, 0, 0, 0] diff:[0, 0, 1, 0, 0, 0, 0, 0, 0, 0]
Iteration 1050 New: [0, 0, 584, 102, 4, 11, 0, 0, 0, 0] diff:[0, 0, 1, 0, 0, 0, 0, 0, 0, 0]
Iteration 1060 New: [0, 0, 589, 104, 4, 10, 0, 0, 0, 0] diff:[0, 0, 0, 1, 0, 0, 0, 0, 0, 0]
Iteration 1070 New: [0, 0, 593, 107, 4, 9, 0, 0, 0, 0] diff:[0, 0, 1, 0, 0, 0, 0, 0, 0, 0]
Iteration 1080 New: [0, 0, 600, 109, 4, 8, 0, 0, 0, 0] diff:[0, 0, 0, 1, 0, 0, 0, 0, 0, 0]
Iteration 1090 New: [0, 0, 607, 110, 4, 6, 0, 0, 0, 0] diff:[0, 0, 1, 0, 0, 0, 0, 0, 0, 0]
Iteration 1100 New: [0, 0, 613, 111, 4, 3, 0, 0, 0, 0] diff:[0, 0, 1, 0, 0, 0, 0, 0, 0, 0]
Iteration 1110 New: [0, 0, 619, 115, 4, 3, 0, 0, 0, 0] diff:[0, 0, 0, 1, 0, 0, 0, 0, 0, 0]
Iteration 1120 New: [0, 0, 623, 116, 4, 2, 0, 0, 0, 0] diff:[0, 0, 1, 0, 0, 0, 0, 0, 0, 0]
Iteration 1130 New: [0, 0, 629, 118, 4, 0, 0, 0, 0, 0] diff:[0, 0, 1, 0, 0, 0, 0, 0, 0, 0]
Iteration 1140 New: [0, 0, 635, 118, 4, 0, 0, 0, 0, 0] diff:[0, 0, -1, 0, 0, 0, 0, 0, 0, 0]
Iteration 1150 New: [0, 0, 639, 118, 2, 0, 0, 0, 0, 0] diff:[0, 0, -1, 0, 0, 0, 0, 0, 0, 0]
Iteration 1160 New: [0, 0, 645, 118, 0, 0, 0, 0, 0, 0] diff:[0, 0, 0, -1, 0, 0, 0, 0, 0, 0]
Iteration 1170 New: [0, 0, 651, 118, 0, 0, 0, 0, 0, 0] diff:[0, 0, 1, 0, 0, 0, 0, 0, 0, 0]
Iteration 1180 New: [0, 0, 656, 115, 0, 0, 0, 0, 0, 0] diff:[0, 0, 1, 0, 0, 0, 0, 0, 0, 0]
Iteration 1190 New: [0, 0, 661, 114, 0, 0, 0, 0, 0, 0] diff:[0, 0, 0, -1, 0, 0, 0, 0, 0, 0]
Iteration 1200 New: [0, 0, 667, 112, 0, 0, 0, 0, 0, 0] diff:[0, 0, 0, -1, 0, 0, 0, 0, 0, 0]
Iteration 1210 New: [0, 0, 672, 111, 0, 0, 0, 0, 0, 0] diff:[0, 0, -1, 0, 0, 0, 0, 0, 0, 0]
Iteration 1220 New: [0, 0, 675, 106, 0, 0, 0, 0, 0, 0] diff:[0, 0, 0, -1, 0, 0, 0, 0, 0, 0]
Iteration 1230 New: [0, 0, 678, 103, 0, 0, 0, 0, 0, 0] diff:[0, 0, 0, -1, 0, 0, 0, 0, 0, 0]
Iteration 1240 New: [0, 0, 682, 99, 0, 0, 0, 0, 0, 0] diff:[0, 0, 1, 0, 0, 0, 0, 0, 0, 0]
Iteration 1250 New: [0, 0, 690, 97, 0, 0, 0, 0, 0, 0] diff:[0, 0, 1, 0, 0, 0, 0, 0, 0, 0]
Iteration 1260 New: [0, 0, 691, 92, 0, 0, 0, 0, 0, 0] diff:[0, 0, 0, -1, 0, 0, 0, 0, 0, 0]
Iteration 1270 New: [0, 0, 693, 90, 0, 0, 0, 0, 0, 0] diff:[0, 0, 0, -1, 0, 0, 0, 0, 0, 0]
Iteration 1280 New: [0, 0, 698, 87, 0, 0, 0, 0, 0, 0] diff:[0, 0, 1, 0, 0, 0, 0, 0, 0, 0]
Iteration 1290 New: [0, 0, 703, 82, 0, 0, 0, 0, 0, 0] diff:[0, 0, 0, -1, 0, 0, 0, 0, 0, 0]
Iteration 1300 New: [0, 0, 710, 79, 0, 0, 0, 0, 0, 0] diff:[0, 0, 0, -1, 0, 0, 0, 0, 0, 0]
Auto-stopped algorithm at 1305th iteration

A target 10000 more iterations took 10928605589 ns.
Total iterations 1305
Total algorithm runtime 10928605589 ns
  or 10928.605589 ms