windsurfers.gt
Iteration 10 New: [0, 0, 4, 7, 3, 13, 21, 25, 18, 10] diff:[0, 0, 1, 0, 0, 0, 0, 0, 0, 0]
Iteration 20 New: [0, 0, 11, 8, 3, 13, 21, 25, 18, 10] diff:[0, 0, 1, 0, 0, 0, 0, 0, 0, 0]
Iteration 30 New: [0, 0, 12, 8, 3, 13, 21, 25, 18, 7] diff:[0, 0, 0, 0, 0, 0, 0, 0, 0, -1]
Iteration 40 New: [0, 0, 19, 8, 3, 13, 21, 25, 18, 6] diff:[0, 0, 1, 0, 0, 0, 0, 0, 0, 0]
Iteration 50 New: [0, 0, 21, 8, 3, 13, 21, 25, 18, 6] diff:[0, 0, 1, 0, 0, 0, 0, 0, 0, 0]
Iteration 60 New: [0, 0, 19, 8, 3, 13, 21, 25, 18, 6] diff:[0, 0, -1, 0, 0, 0, 0, 0, 0, 0]
Iteration 70 New: [0, 0, 25, 8, 3, 13, 21, 25, 18, 6] diff:[0, 0, 1, 0, 0, 0, 0, 0, 0, 0]
Iteration 80 New: [0, 0, 28, 8, 3, 13, 21, 25, 18, 5] diff:[0, 0, 1, 0, 0, 0, 0, 0, 0, 0]
Iteration 90 New: [0, 0, 30, 8, 3, 13, 21, 25, 18, 5] diff:[0, 0, 1, 0, 0, 0, 0, 0, 0, 0]
Iteration 100 New: [0, 0, 33, 7, 3, 13, 21, 25, 18, 5] diff:[0, 0, 1, 0, 0, 0, 0, 0, 0, 0]
Iteration 110 New: [0, 0, 39, 7, 3, 13, 21, 25, 18, 5] diff:[0, 0, -1, 0, 0, 0, 0, 0, 0, 0]
Iteration 120 New: [0, 0, 42, 8, 3, 13, 21, 25, 18, 5] diff:[0, 0, -1, 0, 0, 0, 0, 0, 0, 0]
Iteration 130 New: [0, 0, 50, 8, 3, 13, 21, 25, 18, 5] diff:[0, 0, -1, 0, 0, 0, 0, 0, 0, 0]
Iteration 140 New: [0, 0, 52, 9, 3, 13, 21, 25, 18, 4] diff:[0, 0, 1, 0, 0, 0, 0, 0, 0, 0]
Iteration 150 New: [0, 0, 60, 9, 3, 13, 21, 25, 18, 4] diff:[0, 0, 1, 0, 0, 0, 0, 0, 0, 0]
Iteration 160 New: [0, 0, 69, 10, 3, 13, 21, 25, 18, 4] diff:[0, 0, 1, 0, 0, 0, 0, 0, 0, 0]
Iteration 170 New: [0, 0, 78, 11, 3, 13, 21, 25, 18, 4] diff:[0, 0, 1, 0, 0, 0, 0, 0, 0, 0]
Iteration 180 New: [0, 0, 84, 11, 3, 13, 21, 25, 18, 4] diff:[0, 0, 1, 0, 0, 0, 0, 0, 0, 0]
Iteration 190 New: [0, 0, 89, 11, 3, 13, 21, 25, 18, 3] diff:[0, 0, 0, 0, 0, 0, 0, 0, 0, -1]
Iteration 200 New: [0, 0, 97, 11, 3, 13, 21, 25, 18, 3] diff:[0, 0, 1, 0, 0, 0, 0, 0, 0, 0]
Iteration 210 New: [0, 0, 105, 11, 3, 13, 21, 25, 18, 3] diff:[0, 0, 1, 0, 0, 0, 0, 0, 0, 0]
Iteration 220 New: [0, 0, 113, 11, 3, 13, 21, 25, 18, 3] diff:[0, 0, 1, 0, 0, 0, 0, 0, 0, 0]
Iteration 230 New: [0, 0, 122, 12, 3, 13, 21, 25, 18, 3] diff:[0, 0, 1, 0, 0, 0, 0, 0, 0, 0]
Iteration 240 New: [0, 0, 128, 12, 3, 13, 21, 25, 18, 1] diff:[0, 0, 1, 0, 0, 0, 0, 0, 0, 0]
Iteration 250 New: [0, 0, 136, 14, 3, 13, 21, 25, 18, 1] diff:[0, 0, 0, 1, 0, 0, 0, 0, 0, 0]
Iteration 260 New: [0, 0, 139, 16, 3, 13, 21, 25, 18, 0] diff:[0, 0, -1, 0, 0, 0, 0, 0, 0, 0]
Iteration 270 New: [0, 0, 147, 16, 3, 13, 21, 25, 18, 0] diff:[0, 0, 1, 0, 0, 0, 0, 0, 0, 0]
Iteration 280 New: [0, 0, 153, 18, 3, 13, 21, 25, 18, 0] diff:[0, 0, 1, 0, 0, 0, 0, 0, 0, 0]
Iteration 290 New: [0, 0, 161, 18, 3, 13, 21, 25, 18, 0] diff:[0, 0, -1, 0, 0, 0, 0, 0, 0, 0]
Iteration 300 New: [0, 0, 170, 17, 3, 13, 21, 25, 18, 0] diff:[0, 0, 1, 0, 0, 0, 0, 0, 0, 0]
Iteration 310 New: [0, 0, 180, 17, 3, 13, 21, 25, 18, 0] diff:[0, 0, 1, 0, 0, 0, 0, 0, 0, 0]
Iteration 320 New: [0, 0, 182, 17, 3, 13, 21, 25, 18, 0] diff:[0, 0, 1, 0, 0, 0, 0, 0, 0, 0]
Iteration 330 New: [0, 0, 188, 17, 3, 13, 21, 25, 18, 0] diff:[0, 0, -1, 0, 0, 0, 0, 0, 0, 0]
Iteration 340 New: [0, 0, 195, 18, 3, 13, 21, 25, 16, 0] diff:[0, 0, 1, 0, 0, 0, 0, 0, 0, 0]
Iteration 350 New: [0, 0, 204, 18, 3, 13, 21, 25, 15, 0] diff:[0, 0, 1, 0, 0, 0, 0, 0, 0, 0]
Iteration 360 New: [0, 0, 211, 19, 3, 13, 21, 25, 15, 0] diff:[0, 0, 0, 1, 0, 0, 0, 0, 0, 0]
Iteration 370 New: [0, 0, 218, 19, 3, 13, 21, 25, 14, 0] diff:[0, 0, 1, 0, 0, 0, 0, 0, 0, 0]
Iteration 380 New: [0, 0, 227, 20, 3, 13, 21, 25, 14, 0] diff:[0, 0, 1, 0, 0, 0, 0, 0, 0, 0]
Iteration 390 New: [0, 0, 235, 20, 3, 13, 21, 25, 14, 0] diff:[0, 0, 1, 0, 0, 0, 0, 0, 0, 0]
Iteration 400 New: [0, 0, 243, 20, 3, 13, 21, 25, 14, 0] diff:[0, 0, 1, 0, 0, 0, 0, 0, 0, 0]
Iteration 410 New: [0, 0, 244, 21, 3, 13, 21, 25, 14, 0] diff:[0, 0, -1, 0, 0, 0, 0, 0, 0, 0]
Iteration 420 New: [0, 0, 249, 21, 3, 13, 21, 25, 11, 0] diff:[0, 0, 0, 0, 0, 0, 0, 0, -1, 0]
Iteration 430 New: [0, 0, 249, 24, 3, 13, 21, 25, 10, 0] diff:[0, 0, -1, 0, 0, 0, 0, 0, 0, 0]
Iteration 440 New: [0, 0, 251, 24, 3, 13, 21, 25, 10, 0] diff:[0, 0, -1, 0, 0, 0, 0, 0, 0, 0]
Iteration 450 New: [0, 0, 255, 28, 3, 13, 21, 25, 10, 0] diff:[0, 0, 1, 0, 0, 0, 0, 0, 0, 0]
Iteration 460 New: [0, 0, 261, 26, 3, 13, 21, 25, 10, 0] diff:[0, 0, 1, 0, 0, 0, 0, 0, 0, 0]
Iteration 470 New: [0, 0, 266, 28, 3, 13, 21, 25, 9, 0] diff:[0, 0, 1, 0, 0, 0, 0, 0, 0, 0]
Iteration 480 New: [0, 0, 274, 28, 3, 13, 21, 25, 9, 0] diff:[0, 0, 1, 0, 0, 0, 0, 0, 0, 0]
Iteration 490 New: [0, 0, 281, 28, 3, 13, 21, 25, 8, 0] diff:[0, 0, 1, 0, 0, 0, 0, 0, 0, 0]
Iteration 500 New: [0, 0, 284, 30, 3, 13, 21, 25, 5, 0] diff:[0, 0, 0, 0, 0, 0, 0, 0, -1, 0]
Iteration 510 New: [0, 0, 294, 30, 3, 13, 21, 25, 5, 0] diff:[0, 0, 1, 0, 0, 0, 0, 0, 0, 0]
Iteration 520 New: [0, 0, 304, 30, 3, 13, 21, 25, 5, 0] diff:[0, 0, 1, 0, 0, 0, 0, 0, 0, 0]
Iteration 530 New: [0, 0, 314, 30, 3, 13, 21, 25, 5, 0] diff:[0, 0, 1, 0, 0, 0, 0, 0, 0, 0]
Iteration 540 New: [0, 0, 320, 30, 4, 13, 21, 25, 4, 0] diff:[0, 0, 1, 0, 0, 0, 0, 0, 0, 0]
Iteration 550 New: [0, 0, 329, 31, 4, 13, 21, 25, 4, 0] diff:[0, 0, 1, 0, 0, 0, 0, 0, 0, 0]
Iteration 560 New: [0, 0, 333, 33, 4, 13, 21, 25, 4, 0] diff:[0, 0, 1, 0, 0, 0, 0, 0, 0, 0]
Iteration 570 New: [0, 0, 340, 33, 4, 13, 21, 25, 3, 0] diff:[0, 0, 0, 0, 0, 0, 0, 0, -1, 0]
Iteration 580 New: [0, 0, 346, 36, 4, 13, 21, 25, 2, 0] diff:[0, 0, 0, 1, 0, 0, 0, 0, 0, 0]
Iteration 590 New: [0, 0, 353, 38, 4, 13, 21, 25, 1, 0] diff:[0, 0, 1, 0, 0, 0, 0, 0, 0, 0]
Iteration 600 New: [0, 0, 359, 40, 4, 13, 21, 24, 0, 0] diff:[0, 0, 0, 0, 0, 0, 0, -1, 0, 0]
Iteration 610 New: [0, 0, 367, 40, 4, 13, 21, 24, 0, 0] diff:[0, 0, 1, 0, 0, 0, 0, 0, 0, 0]
Iteration 620 New: [0, 0, 373, 40, 4, 13, 21, 24, 0, 0] diff:[0, 0, -1, 0, 0, 0, 0, 0, 0, 0]
Iteration 630 New: [0, 0, 379, 43, 4, 13, 21, 23, 0, 0] diff:[0, 0, 0, 1, 0, 0, 0, 0, 0, 0]
Iteration 640 New: [0, 0, 385, 45, 4, 13, 21, 23, 0, 0] diff:[0, 0, 0, 1, 0, 0, 0, 0, 0, 0]
Iteration 650 New: [0, 0, 390, 46, 4, 13, 21, 23, 0, 0] diff:[0, 0, 0, 1, 0, 0, 0, 0, 0, 0]
Iteration 660 New: [0, 0, 398, 48, 4, 13, 21, 23, 0, 0] diff:[0, 0, 0, 1, 0, 0, 0, 0, 0, 0]
Iteration 670 New: [0, 0, 404, 50, 4, 13, 21, 23, 0, 0] diff:[0, 0, 1, 0, 0, 0, 0, 0, 0, 0]
Iteration 680 New: [0, 0, 410, 50, 4, 13, 21, 21, 0, 0] diff:[0, 0, 0, 0, 0, 0, 0, -1, 0, 0]
Iteration 690 New: [0, 0, 415, 51, 4, 13, 21, 19, 0, 0] diff:[0, 0, 0, 1, 0, 0, 0, 0, 0, 0]
Iteration 700 New: [0, 0, 421, 53, 4, 13, 21, 19, 0, 0] diff:[0, 0, 1, 0, 0, 0, 0, 0, 0, 0]
Iteration 710 New: [0, 0, 428, 54, 4, 13, 21, 17, 0, 0] diff:[0, 0, 1, 0, 0, 0, 0, 0, 0, 0]
Iteration 720 New: [0, 0, 430, 57, 4, 13, 21, 14, 0, 0] diff:[0, 0, 1, 0, 0, 0, 0, 0, 0, 0]
Iteration 730 New: [0, 0, 436, 58, 4, 13, 21, 11, 0, 0] diff:[0, 0, 0, 0, 0, 0, 0, -1, 0, 0]
Iteration 740 New: [0, 0, 443, 60, 4, 13, 21, 10, 0, 0] diff:[0, 0, 1, 0, 0, 0, 0, 0, 0, 0]
Iteration 750 New: [0, 0, 447, 64, 4, 13, 21, 10, 0, 0] diff:[0, 0, 0, 1, 0, 0, 0, 0, 0, 0]
Iteration 760 New: [0, 0, 455, 62, 4, 13, 21, 10, 0, 0] diff:[0, 0, 1, 0, 0, 0, 0, 0, 0, 0]
Iteration 770 New: [0, 0, 461, 63, 4, 13, 21, 9, 0, 0] diff:[0, 0, 1, 0, 0, 0, 0, 0, 0, 0]
Iteration 780 New: [0, 0, 471, 63, 4, 13, 21, 9, 0, 0] diff:[0, 0, 1, 0, 0, 0, 0, 0, 0, 0]
Iteration 790 New: [0, 0, 477, 65, 4, 13, 21, 9, 0, 0] diff:[0, 0, 1, 0, 0, 0, 0, 0, 0, 0]
Iteration 800 New: [0, 0, 480, 66, 4, 13, 21, 9, 0, 0] diff:[0, 0, -1, 0, 0, 0, 0, 0, 0, 0]
Iteration 810 New: [0, 0, 486, 67, 4, 13, 21, 6, 0, 0] diff:[0, 0, 1, 0, 0, 0, 0, 0, 0, 0]
Iteration 820 New: [0, 0, 493, 65, 4, 13, 21, 5, 0, 0] diff:[0, 0, 1, 0, 0, 0, 0, 0, 0, 0]
Iteration 830 New: [0, 0, 501, 65, 4, 13, 21, 5, 0, 0] diff:[0, 0, 1, 0, 0, 0, 0, 0, 0, 0]
Iteration 840 New: [0, 0, 508, 68, 4, 13, 21, 5, 0, 0] diff:[0, 0, 0, 1, 0, 0, 0, 0, 0, 0]
Iteration 850 New: [0, 0, 513, 70, 4, 13, 21, 4, 0, 0] diff:[0, 0, 0, 0, 0, 0, 0, -1, 0, 0]
Iteration 860 New: [0, 0, 519, 73, 4, 13, 21, 3, 0, 0] diff:[0, 0, 1, 0, 0, 0, 0, 0, 0, 0]
Iteration 870 New: [0, 0, 525, 77, 4, 13, 21, 3, 0, 0] diff:[0, 0, 0, 1, 0, 0, 0, 0, 0, 0]
Iteration 880 New: [0, 0, 530, 80, 4, 13, 21, 1, 0, 0] diff:[0, 0, 0, 1, 0, 0, 0, 0, 0, 0]
Iteration 890 New: [0, 0, 537, 82, 4, 13, 21, 0, 0, 0] diff:[0, 0, 0, 1, 0, 0, 0, 0, 0, 0]
Iteration 900 New: [0, 0, 544, 83, 4, 13, 21, 0, 0, 0] diff:[0, 0, 0, 1, 0, 0, 0, 0, 0, 0]
Iteration 910 New: [0, 0, 549, 85, 4, 13, 20, 0, 0, 0] diff:[0, 0, 0, 1, 0, 0, 0, 0, 0, 0]
Iteration 920 New: [0, 0, 556, 87, 4, 13, 19, 0, 0, 0] diff:[0, 0, 1, 0, 0, 0, 0, 0, 0, 0]
Iteration 930 New: [0, 0, 560, 87, 4, 13, 19, 0, 0, 0] diff:[0, 0, 0, 1, 0, 0, 0, 0, 0, 0]
Iteration 940 New: [0, 0, 564, 89, 4, 13, 19, 0, 0, 0] diff:[0, 0, 1, 0, 0, 0, 0, 0, 0, 0]
Iteration 950 New: [0, 0, 571, 89, 4, 13, 18, 0, 0, 0] diff:[0, 0, 1, 0, 0, 0, 0, 0, 0, 0]
Iteration 960 New: [0, 0, 578, 91, 4, 13, 17, 0, 0, 0] diff:[0, 0, 1, 0, 0, 0, 0, 0, 0, 0]
Iteration 970 New: [0, 0, 584, 93, 4, 13, 17, 0, 0, 0] diff:[0, 0, 1, 0, 0, 0, 0, 0, 0, 0]
Iteration 980 New: [0, 0, 588, 96, 4, 13, 16, 0, 0, 0] diff:[0, 0, 0, 1, 0, 0, 0, 0, 0, 0]
Iteration 990 New: [0, 0, 593, 100, 4, 13, 15, 0, 0, 0] diff:[0, 0, 0, 1, 0, 0, 0, 0, 0, 0]
Iteration 1000 New: [0, 0, 598, 101, 4, 13, 11, 0, 0, 0] diff:[0, 0, 0, 0, 0, 0, -1, 0, 0, 0]
Iteration 1010 New: [0, 0, 604, 104, 4, 13, 10, 0, 0, 0] diff:[0, 0, 0, 1, 0, 0, 0, 0, 0, 0]
Iteration 1020 New: [0, 0, 606, 107, 4, 13, 7, 0, 0, 0] diff:[0, 0, 0, 1, 0, 0, 0, 0, 0, 0]
Iteration 1030 New: [0, 0, 612, 108, 4, 13, 6, 0, 0, 0] diff:[0, 0, 1, 0, 0, 0, 0, 0, 0, 0]
Iteration 1040 New: [0, 0, 616, 110, 4, 13, 4, 0, 0, 0] diff:[0, 0, 1, 0, 0, 0, 0, 0, 0, 0]
Iteration 1050 New: [0, 0, 621, 113, 4, 13, 4, 0, 0, 0] diff:[0, 0, 0, 1, 0, 0, 0, 0, 0, 0]
Iteration 1060 New: [0, 0, 626, 116, 4, 13, 2, 0, 0, 0] diff:[0, 0, 1, 0, 0, 0, 0, 0, 0, 0]
Iteration 1070 New: [0, 0, 631, 118, 4, 13, 1, 0, 0, 0] diff:[0, 0, 1, 0, 0, 0, 0, 0, 0, 0]
Iteration 1080 New: [0, 0, 636, 122, 4, 13, 0, 0, 0, 0] diff:[0, 0, 0, 1, 0, 0, 0, 0, 0, 0]
Iteration 1090 New: [0, 0, 641, 122, 4, 12, 0, 0, 0, 0] diff:[0, 0, -1, 0, 0, 0, 0, 0, 0, 0]
Iteration 1100 New: [0, 0, 644, 123, 4, 10, 0, 0, 0, 0] diff:[0, 0, 1, 0, 0, 0, 0, 0, 0, 0]
Iteration 1110 New: [0, 0, 646, 128, 4, 9, 0, 0, 0, 0] diff:[0, 0, 0, 0, 0, -1, 0, 0, 0, 0]
Iteration 1120 New: [0, 0, 652, 130, 4, 9, 0, 0, 0, 0] diff:[0, 0, 1, 0, 0, 0, 0, 0, 0, 0]
Iteration 1130 New: [0, 0, 657, 130, 4, 8, 0, 0, 0, 0] diff:[0, 0, 0, -1, 0, 0, 0, 0, 0, 0]
Iteration 1140 New: [0, 0, 663, 131, 4, 7, 0, 0, 0, 0] diff:[0, 0, 1, 0, 0, 0, 0, 0, 0, 0]
Iteration 1150 New: [0, 0, 672, 132, 4, 7, 0, 0, 0, 0] diff:[0, 0, 1, 0, 0, 0, 0, 0, 0, 0]
Iteration 1160 New: [0, 0, 675, 134, 4, 6, 0, 0, 0, 0] diff:[0, 0, 0, -1, 0, 0, 0, 0, 0, 0]
Iteration 1170 New: [0, 0, 679, 138, 4, 6, 0, 0, 0, 0] diff:[0, 0, 0, 1, 0, 0, 0, 0, 0, 0]
Iteration 1180 New: [0, 0, 683, 138, 4, 6, 0, 0, 0, 0] diff:[0, 0, 0, -1, 0, 0, 0, 0, 0, 0]
Iteration 1190 New: [0, 0, 685, 138, 4, 4, 0, 0, 0, 0] diff:[0, 0, 0, 1, 0, 0, 0, 0, 0, 0]
Auto-stopped algorithm at 1195th iteration

A target 10000 more iterations took 11270119673 ns.
Total iterations 1195
Total algorithm runtime 11270119673 ns
  or 11270.119673 ms